-0.040397,
-0.078142,
-0.007234,
0.054082,
0.124329,
0.015143,
-0.056084,
-0.000086,
0.009566,
0.052007,
0.058929,
0.083364,
-0.008106,
-0.024325,
0.068002,
0.021297,
-0.000396,
0.017882,
-0.027903,
-0.027326,
0.042400,
0.028288,
-0.015615,
0.037052,
-0.144261,
-0.004188,
-0.030423,
0.053808,
0.014976,
-0.051514,
-0.054306,
0.098868,
-0.029500,
-0.039713,
-0.011991,
0.025579,
-0.000000,
0.046627,
0.064096,
-0.011714,
-0.020688,
-0.012034,
-0.005586,
0.002289,
-0.022108,
-0.001324,
0.027978,
-0.001450,
0.002990,
-0.004567,
0.014360,
0.003255,
0.026925,
-0.013833,
-0.005760,
-0.050721,
0.043455,
-0.077696,
-0.014037,
-0.057994,
0.057704,
-0.008352,
0.026582,
0.033031,
0.017652,
0.002039,
-0.029212,
-0.000519,
-0.056680,
-0.000000,
-0.001019,
-0.009990,
-0.027676,
0.065646,
-0.038564,
-0.057393,
0.026747,
0.053853,
-0.022006,
-0.045254,
0.009916,
0.028859,
-0.008196,
-0.011018,
-0.064140,
-0.025166,
0.001719,
0.006479,
0.034677,
-0.020371,
-0.011739,
-0.009823,
-0.002282,
-0.005299,
-0.025778,
0.005591,
0.068409,
-0.028528,
-0.043355,
0.001234,
0.060140,
-0.004108,
0.022832,
-0.006774,
-0.022878,
0.009450,
-0.016818,
0.005221,
-0.051544,
-0.051723,
0.016492,
0.022154,
-0.002181,
0.051438,
0.012884,
-0.014382,
-0.021329,
0.025449,
-0.016088,
-0.007156,
-0.121842,
0.022504,
0.035401,
-0.030974,
0.022195,
-0.001054,
0.008864,
0.077177,
-0.032962,
-0.055733,
-0.052525,
-0.076870,
0.034828,
-0.040958,
-0.115475,
-0.012773,
-0.032564,
-0.031841,
-0.002375,
-0.139744,
0.053759,
0.023745,
-0.064639,
-0.037181,
0.012997,
-0.000088,
0.050975,
0.067752,
0.000363,
-0.002896,
-0.046588,
-0.023085,
0.000631,
0.027884,
-0.004516,
-0.000000,
0.108939,
0.010860,
-0.011220,
0.071381,
0.095455,
0.015460,
-0.065516,
0.022000,
0.093144,
-0.020177,
0.119049,
0.025442,
0.041532,
-0.000000,
-0.028911,
-0.014627,
-0.019043,
-0.010089,
-0.018026,
-0.005440,
0.000000,
0.025865,
-0.011819,
-0.005621,
0.040978,
0.050782,
-0.040017,
0.016527,
0.012870,
-0.018604,
-0.000000,
0.021585,
-0.040086,
-0.023663,
0.036229,
-0.046036,
-0.022775,
0.043705,
-0.015013,
-0.007997,
-0.059394,
-0.002842,
0.024146,
0.010697,
0.021188,
0.002026,
-0.056394,
-0.007784,
0.135543,
-0.011288,
-0.039094,
0.046020,
0.021673,
0.021228,
-0.000017,
-0.004952,
-0.022301,
0.155428,
-0.032108,
-0.121972,
-0.011907,
-0.071016,
0.031524,
0.022574,
-0.010629,
0.020869,
0.044008,
-0.025817,
0.009344,
0.085848,
-0.037146,
0.091414,
0.046356,
-0.012998,
0.018311,
-0.015839,
0.024605,
0.002637,
-0.088127,
0.026079,
-0.024615,
0.009363,
0.035574,
-0.012575,
0.009650,
0.001970,
-0.001763,
-0.016996,
0.014426,
0.083919,
0.027613,
-0.031277,
-0.014962,
0.012064,
-0.018964,
-0.049682,
0.010387,
-0.025462,
0.031751,
0.029860,
-0.005497,
0.014267,
0.023762,
0.076451,
-0.011934,
0.012866,
0.015830,
-0.008430,
0.003355,
0.018128,
0.003894,
0.053488,
0.013678,
-0.000610,
-0.000000,
-0.030015,
0.056899,
0.131264,
0.025116,
0.026925,
-0.011645,
0.006765,
0.001340,
0.015828,
0.056706,
-0.086331,
-0.001855,
-0.026880,
-0.012132,
0.012328,
0.045019,
0.039307,
-0.017046,
0.009618,
0.002350,
0.006746,
-0.043121,
-0.004611,
0.009367,
-0.051089,
0.078353,
0.069353,
-0.004628,
-0.013443,
-0.035209,
0.028929,
0.042698,
-0.025416,
0.032225,
0.037130,
0.045415,
-0.111371,
0.002470,
-0.016023,
-0.052822,
-0.003306,
0.129080,
0.014479,
-0.046093,
0.059770,
-0.001744,
-0.035606,
0.001521,
-0.016183,
-0.043664,
-0.005192,
-0.020090,
0.028245,
-0.026470,
0.001582,
0.034092,
0.019345,
-0.007125,
0.022222,
-0.034299,
-0.007496,
0.039825,
0.004502,
0.004363,
-0.038406,
-0.031665,
-0.083371,
0.006563,
-0.021341,
-0.017880,
0.056535,
-0.016301,
-0.019808,
-0.006042,
-0.012586,
0.000375,
0.082929,
-0.033317,
-0.058056,
-0.001980,
-0.038632,
-0.054286,
-0.063879,
-0.003309,
0.041474,
-0.007925,
-0.013429,
0.073484,
-0.001306,
-0.007492,
-0.023016,
0.020307,
-0.018265,
-0.013320,
0.065840,
-0.013912,
0.017853,
-0.046925,
-0.029389,
0.050629,
0.002971,
-0.041375,
0.044674,
-0.012052,
0.025268,
-0.034761,
-0.009123,
-0.005229,
-0.013476,
0.075004,
0.067472,
-0.075932,
-0.018560,
-0.031732,
0.178332,
0.004255,
-0.031173,
0.027771,
-0.058979,
0.057529,
0.037699,
-0.012057,
0.041431,
0.055709,
0.070476,
-0.040620,
-0.000000,
-0.007241,
-0.029036,
-0.093631,
0.061475,
-0.035203,
-0.007147,
-0.014787,
0.008546,
-0.032697,
0.048621,
0.044398,
-0.051759,
0.040119,
-0.033587,
-0.053883,
-0.051744,
-0.000012,
-0.010455,
0.004526,
0.040112,
0.091601,
-0.006784,
-0.052207,
0.163601,
-0.028419,
0.008056,
0.040120,
0.021380,
0.011556,
-0.031762,
0.083335,
0.037969,
-0.007856,
-0.031569,
-0.026006,
-0.019412,
0.059821,
0.009601,
0.001117,
0.089821,
0.026897,
-0.050558,
-0.015591,
0.017773,
0.011120,
-0.054597,
-0.023138,
-0.015939,
-0.013920,
-0.008157,
-0.007486,
0.013758,
-0.019810,
-0.011256,
-0.014810,
0.063201,
-0.001133,
-0.046505,
-0.003853,
-0.126535,
-0.058087,
0.027266,
-0.006314,
-0.003740,
-0.046440,
0.003413,
0.050152,
-0.044696,
0.035719,
-0.003487,
0.031407,
0.042283,
0.001364,
-0.018906,
-0.029168,
-0.018628,
-0.025586,
-0.014337,
-0.004920,
-0.018461,
-0.005066,
0.093175,
-0.082217,
-0.029900,
0.012626,
0.054160,
-0.021599,
0.056825,
-0.075885,
-0.021601,
-0.007467,
-0.001815,
0.054554,
0.009373,
-0.011310,
-0.011039,
-0.006989,
-0.045899,
0.020638,
-0.008985,
-0.001367,
-0.059343,
-0.039452,
0.017096,
-0.015251,
0.042839,
0.055376,
0.000149,
0.004543,
-0.000000,
0.014293,
0.086311,
0.036603,
0.000186,
