-0.005522,
0.080924,
0.078075,
0.079576,
-0.080407,
0.134572,
0.003992,
0.128149,
0.124979,
-0.049470,
-0.061338,
0.174264,
0.092398,
0.004080,
-0.031760,
-0.000010,
0.104407,
-0.028251,
0.046875,
-0.101378,
0.050645,
0.022555,
-0.050384,
-0.000292,
-0.039746,
0.025372,
0.064062,
0.113523,
-0.124079,
-0.212763,
-0.001732,
0.087626,
0.023042,
0.091390,
0.061737,
0.084328,
-0.001002,
-0.001154,
0.111298,
0.089092,
0.158791,
0.019286,
0.057126,
0.110133,
0.081614,
0.050789,
0.105542,
-0.003465,
-0.227584,
0.071512,
0.036517,
0.107683,
0.027024,
0.142213,
-0.098199,
0.098785,
0.030981,
0.067880,
-0.162364,
0.083552,
-0.080904,
-0.036431,
0.003562,
-0.048389,
-0.192486,
-0.005527,
-0.168375,
-0.005607,
-0.015567,
0.000423,
-0.004331,
0.123368,
0.122110,
0.030625,
-0.260014,
-0.035923,
0.024853,
-0.260195,
0.089224,
-0.018892,
-0.018355,
0.086613,
0.053067,
-0.016404,
0.000447,
-0.001236,
0.017166,
0.014487,
-0.055907,
-0.013180,
0.012648,
-0.020315,
-0.039330,
0.000306,
-0.083525,
0.000172,
0.083535,
0.018484,
-0.008340,
0.085758,
0.000146,
-0.101253,
-0.123478,
0.102605,
0.056698,
0.112824,
0.000877,
0.008849,
-0.064238,
0.048878,
-0.043020,
0.081354,
-0.004692,
-0.028129,
0.002504,
-0.023366,
-0.018160,
0.093329,
0.017399,
0.008887,
0.106111,
-0.032130,
0.156711,
0.092632,
0.003233,
-0.005665,
-0.125404,
0.090231,
-0.143196,
-0.099011,
-0.051980,
-0.307338,
-0.065866,
0.005215,
-0.015880,
0.082389,
0.085290,
0.059766,
-0.030176,
0.002669,
-0.311255,
0.080624,
-0.000492,
-0.021471,
0.075221,
-0.186951,
0.108921,
-0.234252,
0.030614,
0.012585,
0.009706,
-0.308728,
0.002743,
0.001322,
0.016729,
0.006997,
-0.013569,
0.060131,
0.100093,
-0.051752,
0.020687,
0.001348,
0.000590,
-0.142621,
0.078027,
0.052105,
0.042973,
-0.006293,
0.006902,
0.097433,
-0.153017,
-0.013911,
-0.004033,
0.089238,
-0.004174,
0.128496,
-0.079271,
-0.000336,
0.031997,
0.129388,
-0.148645,
0.003069,
0.041896,
-0.067478,
-0.000001,
-0.167074,
0.061758,
-0.028096,
-0.257843,
-0.099122,
0.092878,
0.007248,
-0.028291,
0.019928,
-0.015978,
0.003336,
-0.036358,
0.031809,
-0.000766,
-0.056509,
-0.180215,
0.001967,
-0.009128,
0.038681,
0.028309,
0.085552,
0.067741,
0.088117,
0.054729,
-0.073846,
0.049741,
-0.004234,
-0.003352,
0.000479,
0.005437,
0.079309,
0.065721,
0.054046,
-0.072965,
-0.133919,
-0.244001,
-0.021141,
0.019216,
-0.011423,
0.136624,
-0.000003,
-0.001912,
-0.056442,
-0.111126,
0.007447,
0.058572,
-0.264072,
0.037671,
0.046486,
0.045490,
0.093882,
-0.048514,
0.001800,
-0.086866,
0.053500,
0.029466,
-0.001929,
0.019456,
-0.064834,
0.010241,
-0.175720,
-0.084019,
-0.142362,
-0.111617,
-0.040436,
-0.036134,
0.132136,
0.004579,
-0.027100,
0.205234,
0.014645,
0.130466,
-0.029485,
-0.020806,
0.114577,
-0.002518,
0.030693,
-0.136881,
0.014856,
-0.046137,
0.081792,
0.010615,
0.105522,
0.122372,
-0.070475,
-0.004384,
-0.254205,
-0.109165,
0.035763,
-0.057951,
-0.221881,
0.135809,
0.133442,
-0.010586,
-0.000140,
-0.291263,
-0.069687,
-0.000719,
0.099229,
0.124954,
-0.122233,
-0.023984,
-0.103575,
0.005276,
-0.003145,
-0.014987,
0.002302,
0.016896,
0.112179,
0.072562,
0.000602,
0.005604,
0.065746,
-0.000845,
0.000802,
0.006404,
0.025070,
-0.170069,
-0.000255,
0.018496,
-0.051030,
0.002081,
-0.190134,
-0.040156,
0.064464,
0.000377,
0.072089,
0.045896,
0.083336,
0.000005,
0.023125,
-0.070011,
-0.000122,
0.026338,
-0.232275,
0.067382,
-0.110695,
0.195881,
-0.052528,
-0.029721,
0.010476,
-0.183368,
0.000901,
0.038611,
0.021161,
0.000923,
0.015300,
0.152009,
-0.113860,
-0.070558,
0.000947,
0.083480,
0.022769,
-0.053682,
-0.000704,
0.000044,
-0.000046,
0.080023,
0.055428,
-0.280996,
-0.072804,
0.056327,
-0.019454,
-0.253594,
0.047901,
-0.000075,
0.131037,
0.172049,
-0.095166,
0.015288,
-0.017631,
0.067411,
0.009463,
0.052024,
0.088968,
-0.052639,
-0.002069,
0.092225,
-0.022023,
0.224951,
0.012107,
-0.011412,
0.000932,
0.042926,
-0.146332,
-0.042499,
0.046913,
-0.059308,
0.017955,
-0.108032,
0.047291,
-0.256892,
-0.047120,
0.051902,
0.024125,
-0.072756,
0.021001,
-0.007726,
0.031010,
0.004301,
-0.014268,
0.069182,
0.005213,
-0.057136,
0.008456,
-0.108127,
0.013391,
0.007190,
-0.098686,
-0.020788,
0.110763,
0.099126,
-0.034810,
0.000549,
0.000262,
-0.129855,
0.033252,
0.059929,
0.080149,
-0.046004,
0.091892,
0.001942,
0.058388,
-0.127040,
0.098585,
0.102419,
-0.057887,
-0.013215,
-0.022302,
-0.073615,
0.101950,
0.008810,
-0.005120,
0.016271,
-0.081391,
0.038568,
-0.098374,
-0.018533,
-0.091718,
0.108523,
0.000233,
-0.012006,
0.036927,
0.159988,
-0.000077,
-0.168507,
0.102408,
0.012156,
0.110254,
0.116119,
-0.023000,
0.093110,
0.023955,
0.035928,
0.102391,
0.175728,
-0.015791,
-0.000267,
-0.105746,
0.133772,
0.000001,
-0.028467,
0.157679,
0.102812,
-0.290274,
0.044622,
0.069920,
0.002561,
0.013224,
-0.018972,
-0.023525,
0.049691,
-0.341834,
-0.083548,
0.047298,
-0.106966,
-0.235719,
0.071590,
-0.023820,
-0.016716,
0.084095,
-0.053303,
-0.040784,
-0.011828,
0.088368,
-0.092177,
-0.000983,
-0.015276,
-0.000094,
-0.003517,
0.051771,
-0.002631,
-0.038603,
-0.002618,
0.062920,
0.105649,
0.072586,
0.049717,
0.002034,
0.106062,
0.102957,
-0.035008,
0.103636,
0.091746,
0.053109,
-0.014491,
0.069434,
-0.022528,
0.033995,
-0.019187,
-0.187919,
0.010628,
0.120088,
0.077220,
0.017869,
-0.006818,
0.101720,
0.096811,
0.049481,
0.023244,
-0.009775,
-0.090437,
0.028190,
0.067407,
0.077992,
0.000005,
-0.007652,
-0.017328,
-0.107929,
0.067024,
-0.047694,
0.049377,
-0.248713,
-0.000707,
-0.220228,
-0.237987,
0.122232,
-0.040980,
-0.245501,
0.064450,
-0.000459,
-0.044573,
-0.000018,
-0.150732,
-0.023128,
-0.086597,
-0.005094,
0.012621,
0.111085,
-0.055612,
-0.000264,
0.163171,
-0.029550,
-0.045396,
-0.041317,
0.007531,
-0.057894,
-0.000751,
0.095454,
0.033172,
-0.105798,
0.065819,
0.071716,
0.000665,
0.009419,
0.078060,
0.075902,
-0.109163,
-0.019750,
0.054609,
0.173342,
-0.031914,
-0.060812,
-0.015413,
-0.000289,
0.099046,
0.043201,
0.002417,
0.134919,
0.133122,
0.139283,
0.048683,
0.211895,
0.054784,
-0.026912,
0.104700,
-0.089605,
0.174830,
0.025562,
-0.008531,
-0.056866,
-0.127571,
0.000666,
0.091556,
0.001698,
-0.012405,
-0.000291,
0.022153,
0.128181,
0.085351,
-0.027890,
-0.147671,
0.041384,
0.031227,
-0.125058,
0.069075,
-0.011711,
-0.005573,
-0.061488,
-0.023087,
-0.027928,
-0.001140,
-0.000458,
0.020214,
0.050089,
0.079087,
0.001317,
0.007991,
0.025316,
0.088746,
-0.001188,
-0.091438,
0.008083,
0.126573,
0.083433,
0.075508,
0.111612,
0.000052,
0.103661,
0.095961,
0.132659,
0.024836,
0.097853,
0.001552,
-0.003755,
-0.060735,
0.138993,
-0.040377,
0.070605,
-0.003157,
0.007276,
0.001654,
-0.000287,
0.013736,
-0.121817,
-0.014501,
0.006152,
-0.210180,
0.044644,
-0.242277,
0.002420,
0.000549,
-0.002736,
0.044629,
0.018628,
-0.077082,
0.029647,
0.020830,
0.152124,
-0.025933,
-0.004157,
-0.017632,
0.061173,
0.106275,
-0.093775,
0.055038,
0.001846,
-0.162253,
0.118961,
-0.000928,
0.020761,
0.000060,
0.164264,
0.132581,
0.086813,
0.070069,
0.000690,
0.005698,
-0.115847,
-0.002845,
-0.005259,
0.004465,
-0.012205,
-0.050291,
-0.094756,
-0.206640,
-0.059956,
0.005567,
0.000005,
-0.000129,
-0.145244,
-0.077711,
0.062366,
-0.031334,
0.004148,
-0.016477,
-0.190296,
0.073328,
-0.108955,
0.010053,
0.145373,
0.141776,
0.115384,
0.111045,
0.002844,
-0.073834,
0.142634,
-0.106099,
-0.000296,
0.041091,
-0.040227,
0.000002,
0.110418,
-0.058161,
0.037306,
-0.160054,
0.046657,
-0.195289,
-0.002800,
-0.054475,
0.007439,
-0.002665,
-0.001342,
0.006411,
-0.012865,
0.001976,
0.065107,
0.126563,
0.002241,
0.098983,
0.052872,
0.011149,
-0.089545,
-0.072947,
0.053698,
0.039427,
0.053648,
-0.024823,
-0.002996,
-0.003187,
0.012784,
-0.000323,
-0.031151,
0.070952,
-0.032130,
-0.030794,
-0.087573,
0.137371,
0.025622,
-0.038541,
0.012344,
-0.224784,
0.000016,
0.001023,
0.094122,
0.046480,
0.007358,
0.027132,
0.082144,
-0.068090,
0.130979,
0.079246,
0.091859,
0.134427,
0.001533,
0.046097,
-0.040721,
0.053721,
0.123409,
0.003362,
0.023609,
-0.005532,
-0.119752,
0.020471,
-0.015498,
0.068777,
0.062515,
0.075135,
0.068562,
0.005080,
0.091549,
-0.015476,
-0.004595,
-0.103827,
-0.023972,
0.000730,
0.049534,
0.009669,
-0.048003,
-0.100740,
-0.001660,
-0.019115,
-0.127693,
0.021342,
0.108967,
0.107384,
-0.048743,
-0.003804,
-0.132296,
0.065370,
0.113010,
-0.032212,
0.119789,
0.110575,
-0.255371,
-0.010460,
0.000079,
0.133321,
0.077035,
0.002034,
-0.229253,
0.113191,
-0.030155,
-0.011824,
-0.060795,
0.006698,
0.008487,
0.063469,
0.000637,
-0.003737,
0.070772,
0.050084,
0.000464,
-0.006109,
-0.002414,
-0.000224,
0.004381,
0.007516,
0.033681,
0.057917,
0.000733,
-0.002030,
0.219164,
0.001157,
0.160671,
0.102248,
0.043615,
0.000005,
-0.066830,
0.042262,
-0.053621,
-0.000002,
0.029998,
-0.063186,
-0.001125,
0.058696,
0.106519,
-0.033794,
0.099273,
-0.303384,
0.049103,
-0.015493,
0.010270,
0.070506,
0.001040,
0.035843,
0.131246,
-0.000095,
-0.010664,
-0.173612,
-0.121610,
0.049936,
0.000167,
-0.096107,
-0.023846,
-0.000545,
-0.000345,
-0.000051,
-0.000024,
0.075892,
-0.059111,
-0.171584,
-0.046841,
0.002804,
-0.027166,
-0.176671,
0.134864,
-0.000111,
0.051058,
-0.041231,
0.047647,
0.091190,
-0.018640,
0.062874,
0.009902,
0.041678,
0.039505,
-0.049844,
0.001499,
-0.055324,
0.007210,
-0.061584,
-0.000981,
-0.006486,
-0.000549,
-0.027262,
0.112666,
-0.057485,
0.043938,
0.011142,
-0.011855,
-0.074459,
0.101123,
-0.163825,
-0.029182,
0.129296,
0.053278,
0.041820,
0.056291,
0.034130,
-0.025474,
0.008711,
0.022090,
0.082319,
-0.005301,
-0.086188,
-0.006023,
0.047240,
-0.013776,
0.011096,
-0.026952,
0.169651,
0.099705,
-0.106812,
-0.015018,
-0.000120,
-0.001508,
0.078918,
-0.010179,
-0.045440,
0.004702,
0.182401,
-0.166899,
0.000385,
0.136478,
0.105939,
-0.125947,
0.120033,
0.025184,
0.019883,
-0.015639,
-0.055156,
-0.091655,
0.008278,
0.008549,
0.065825,
-0.095843,
-0.030724,
-0.078884,
-0.011678,
-0.036312,
0.139921,
-0.001436,
0.008417,
0.087255,
-0.007458,
0.000072,
-0.178114,
-0.088843,
0.103851,
-0.092259,
0.098778,
0.071750,
0.030182,
-0.019231,
0.003263,
0.000584,
-0.083864,
0.027939,
0.000240,
0.042235,
0.056113,
0.000000,
-0.014242,
-0.220146,
-0.054045,
0.073390,
0.100164,
-0.058478,
-0.001380,
-0.073730,
0.105449,
-0.022143,
0.044900,
-0.188067,
0.075674,
-0.019201,
-0.055305,
0.073468,
-0.093546,
-0.047616,
0.033571,
0.091165,
-0.043750,
0.104189,
-0.007563,
-0.075611,
0.097305,
0.003240,
-0.006450,
0.000100,
0.079357,
0.014517,
-0.001215,
0.023542,
0.007634,
-0.006008,
0.130730,
0.103918,
-0.058271,
0.005797,
-0.006895,
-0.151828,
0.021279,
-0.034921,
-0.216614,
0.065942,
0.014499,
-0.037485,
-0.024708,
0.017485,
0.006151,
0.116744,
0.007040,
-0.106043,
-0.031399,
0.045100,
-0.009464,
0.003285,
0.136196,
0.025388,
0.041820,
0.025963,
0.053759,
-0.026187,
-0.079169,
0.031206,
0.000028,
0.047675,
-0.042113,
-0.239211,
-0.153240,
0.078910,
-0.058870,
0.215188,
0.004581,
-0.330673,
0.142993,
-0.052572,
0.111301,
-0.211397,
0.074339,
-0.001596,
-0.123883,
0.000028,
-0.166693,
-0.018724,
-0.038218,
0.075430,
-0.019478,
-0.051908,
-0.004571,
-0.000429,
-0.045930,
0.190390,
-0.117752,
0.091883,
0.016103,
0.095299,
-0.001705,
-0.098911,
-0.016199,
0.057620,
0.098435,
0.048691,
-0.001496,
0.002970,
0.001212,
0.064924,
0.154205,
-0.016996,
0.088145,
-0.226015,
0.095356,
-0.133113,
-0.043732,
0.004814,
0.167090,
-0.025393,
0.022954,
-0.189760,
-0.250194,
0.144487,
-0.103834,
0.031630,
-0.006728,
-0.019899,
0.061749,
0.126834,
-0.031529,
-0.033674,
-0.011443,
-0.079242,
0.104404,
-0.026645,
-0.200269,
0.001035,
0.035452,
0.000046,
-0.002993,
-0.096923,
0.127008,
-0.043023,
0.099691,
0.083639,
-0.045647,
0.099421,
-0.171224,
-0.004237,
-0.026546,
0.080127,
0.112272,
0.131973,
0.000624,
0.000138,
-0.092068,
-0.048650,
0.126898,
-0.012077,
-0.055038,
0.003058,
-0.045658,
-0.005872,
0.153946,
-0.013402,
0.114246,
-0.038015,
-0.047124,
-0.112399,
-0.000011,
-0.162278,
0.101050,
0.117829,
0.035241,
0.090838,
-0.003691,
0.005874,
0.057415,
0.076464,
-0.042859,
-0.227357,
0.004629,
-0.047231,
-0.003368,
-0.022063,
0.009262,
0.075883,
-0.009884,
0.004335,
0.044683,
-0.031284,
0.110586,
-0.031050,
-0.006092,
0.184801,
-0.041059,
0.054884,
0.088108,
-0.068427,
0.099309,
-0.255376,
-0.017635,
0.004762,
0.064118,
0.025232,
-0.219476,
-0.173026,
0.038675,
-0.002112,
0.168068,
-0.303320,
-0.001773,
0.091501,
0.041743,
0.034630,
-0.177538,
0.103778,
-0.124873,
-0.012269,
-0.015102,
0.108518,
0.001263,
-0.003532,
0.000929,
-0.006399,
0.042666,
0.086067,
0.148550,
-0.127321,
-0.042526,
-0.000099,
0.000732,
-0.212010,
-0.070046,
0.216857,
-0.036708,
0.001182,
0.061647,
0.063023,
0.094358,
0.123754,
-0.001541,
-0.098884,
-0.024518,
0.043042,
-0.061469,
-0.001219,
0.025271,
0.164259,
0.143341,
0.002437,
-0.148870,
0.054520,
-0.000029,
0.074668,
0.082369,
-0.028768,
0.143736,
0.051861,
-0.303183,
-0.004985,
-0.044414,
0.015397,
-0.008721,
-0.012148,
0.003385,
0.034190,
0.000500,
0.108338,
0.049245,
-0.001258,
-0.168927,
-0.050348,
-0.094427,
-0.146989,
0.083801,
0.047975,
-0.025599,
0.081066,
0.078669,
-0.000196,
-0.002052,
-0.001914,
0.003880,
0.101659,
0.065604,
-0.020871,
-0.074925,
0.050615,
-0.375006,
0.061754,
-0.068329,
0.015821,
0.148662,
-0.000002,
-0.000230,
-0.043825,
0.074933,
-0.008910,
0.052022,
0.145327,
0.182966,
-0.176017,
-0.099687,
-0.095645,
-0.026412,
0.001121,
-0.049093,
0.028961,
-0.050493,
-0.065417,
-0.038052,
-0.010490,
-0.000992,
-0.017480,
-0.081030,
-0.113652,
0.092938,
0.016700,
0.019251,
0.021292,
-0.010581,
-0.018783,
0.041331,
0.021838,
-0.116890,
-0.073816,
-0.026715,
0.040119,
0.000366,
-0.006836,
0.071453,
0.012793,
0.121239,
-0.232541,
-0.069004,
-0.148446,
0.084954,
0.057916,
-0.025193,
0.075320,
0.051932,
0.008087,
-0.062211,
0.100365,
0.042340,
0.131692,
-0.023178,
0.000197,
0.089795,
0.048388,
0.000924,
0.170339,
0.105730,
0.102920,
0.084644,
-0.104373,
-0.018015,
-0.005186,
-0.015905,
-0.002731,
-0.004239,
0.107448,
0.062562,
0.000968,
0.003037,
0.026376,
-0.000389,
-0.007009,
0.003747,
0.035135,
0.038763,
-0.000682,
0.019674,
0.015849,
0.000559,
-0.215483,
0.046453,
0.022250,
-0.000227,
0.122447,
0.100280,
0.006613,
-0.000008,
0.035803,
-0.100181,
-0.001867,
-0.076122,
-0.148703,
-0.247337,
-0.217658,
0.241965,
0.088930,
-0.056793,
0.012002,
0.148980,
0.001403,
-0.085561,
-0.079605,
-0.000747,
0.011359,
0.205978,
-0.259513,
0.162939,
-0.000596,
-0.056352,
0.025242,
0.167298,
0.002322,
0.000010,
-0.000073,
0.057395,
-0.131550,
0.133708,
0.081477,
-0.023178,
-0.045366,
-0.179868,
0.168294,
-0.000020,
0.131696,
-0.372246,
0.138621,
-0.087649,
0.048091,
-0.109570,
-0.026547,
-0.149351,
0.032675,
0.085396,
-0.002306,
0.080101,
0.024581,
0.023400,
0.017342,
-0.016405,
0.000738,
0.062756,
-0.154993,
-0.031305,
-0.041526,
0.075529,
-0.008878,
0.126450,
-0.254793,
0.075790,
0.035249,
-0.178439,
-0.014263,
-0.076172,
0.007768,
-0.000325,
0.029392,
0.006877,
-0.004281,
0.059886,
0.004745,
0.073936,
0.012291,
-0.094983,
-0.004426,
0.009510,
-0.087281,
-0.020958,
0.077244,
0.142694,
-0.057280,
-0.000792,
0.001099,
-0.203149,
-0.089177,
-0.058582,
-0.025265,
0.036053,
0.140839,
-0.002272,
-0.190871,
0.113528,
0.124020,
0.161093,
0.068969,
0.014888,
0.122051,
0.096462,
-0.309772,
0.001674,
-0.010304,
0.007167,
-0.246613,
0.099396,
0.067951,
-0.014721,
0.088414,
-0.139821,
-0.001111,
0.003085,
-0.124940,
-0.094552,
-0.000084,
0.133504,
-0.060232,
-0.049858,
0.063052,
0.103981,
-0.015740,
-0.155503,
-0.026188,
-0.008391,
-0.040038,
0.137379,
-0.000202,
0.000284,
0.157216,
-0.045770,
-0.000000,
0.033725,
0.130113,
0.085070,
0.108776,
-0.079293,
0.075937,
-0.003967,
-0.024908,
-0.016337,
-0.039671,
0.031394,
0.098974,
0.106212,
-0.054917,
0.107809,
0.112115,
0.147224,
-0.032279,
-0.023942,
0.071224,
0.056998,
-0.076838,
-0.010304,
-0.030832,
-0.162819,
0.000314,
0.019287,
-0.000132,
-0.014922,
-0.052937,
0.003428,
0.015421,
-0.003760,
0.026938,
0.132869,
0.130623,
0.113232,
0.000396,
-0.153689,
0.148362,
0.000082,
0.079230,
-0.297726,
0.050077,
0.081399,
-0.033376,
-0.025586,
0.000063,
0.001443,
0.088164,
-0.010782,
-0.061817,
-0.114524,
-0.014747,
-0.019732,
0.147680,
-0.299321,
-0.021919,
0.037025,
0.039316,
-0.118398,
0.020725,
-0.041227,
-0.029335,
0.000008,
-0.048995,
-0.057042,
0.026156,
0.104334,
0.072622,
-0.084548,
0.133863,
-0.001057,
0.159611,
0.125367,
-0.028549,
-0.099538,
0.187462,
0.101074,
-0.000932,
-0.182215,
-0.000063,
0.102174,
-0.065032,
-0.082303,
-0.169568,
-0.023709,
-0.046082,
0.294641,
0.000226,
-0.047880,
-0.114280,
-0.137099,
0.111417,
-0.042602,
0.249016,
-0.001368,
-0.089648,
-0.033847,
-0.172538,
0.157664,
-0.151888,
-0.002493,
-0.015546,
0.055655,
-0.252866,
-0.252663,
-0.026818,
-0.084043,
0.101311,
-0.072805,
0.129509,
-0.090982,
-0.002698,
0.122871,
0.102383,
-0.049029,
-0.242602,
0.061024,
-0.047174,
0.071265,
-0.329780,
0.069937,
-0.045911,
-0.258276,
-0.235851,
-0.020047,
-0.039817,
-0.015493,
-0.091687,
0.123037,
-0.036626,
0.105583,
0.001421,
-0.035165,
-0.000194,
-0.005244,
0.145756,
0.110323,
0.079777,
0.097017,
-0.151159,
0.014029,
0.112637,
0.139263,
0.006293,
-0.094805,
-0.203826,
-0.059138,
-0.113327,
0.000355,
-0.002343,
-0.115121,
-0.067202,
-0.192564,
-0.011748,
0.035834,
-0.024759,
-0.005176,
-0.005091,
0.200065,
-0.003855,
-0.245487,
-0.047938,
-0.052654,
-0.115722,
-0.000056,
0.065267,
-0.048157,
-0.253647,
-0.081456,
-0.082686,
0.000925,
-0.006886,
-0.109886,
0.119117,
-0.079146,
0.084733,
-0.006977,
-0.083246,
0.000895,
-0.055275,
0.012718,
-0.201032,
-0.016565,
-0.012119,
0.126592,
-0.029626,
0.143440,
-0.020150,
-0.008492,
-0.038583,
0.106839,
-0.173844,
0.102382,
0.133877,
-0.114882,
0.087177,
-0.110847,
0.003921,
-0.019983,
0.102353,
0.042535,
0.112446,
0.028651,
-0.002863,
0.116090,
0.127809,
0.005192,
0.044419,
-0.110792,
0.024258,
0.074566,
-0.256629,
-0.082977,
-0.014833,
-0.014118,
0.099184,
-0.007665,
-0.008926,
0.002823,
-0.008947,
-0.105226,
-0.144591,
0.013495,
0.186238,
-0.041360,
-0.000229,
-0.000689,
0.212214,
0.035669,
0.102622,
-0.041676,
-0.015485,
-0.046833,
0.031485,
-0.095008,
-0.075116,
-0.011928,
-0.095265,
-0.025555,
0.185210,
0.066422,
-0.001277,
0.069602,
0.101230,
-0.141750,
-0.001292,
0.131385,
0.048180,
-0.000030,
0.137933,
0.018112,
-0.086407,
0.190657,
-0.180978,
0.090613,
-0.007245,
0.164773,
0.004598,
-0.036169,
-0.009928,
0.018619,
-0.047103,
-0.000588,
-0.039622,
-0.123394,
-0.003407,
-0.178626,
0.104878,
-0.102797,
0.042882,
0.056688,
0.155928,
-0.192447,
0.047616,
-0.174023,
-0.004114,
0.001775,
-0.002357,
-0.002850,
-0.107844,
0.062582,
-0.051143,
-0.164383,
0.069871,
0.082646,
-0.080177,
-0.069550,
0.002564,
0.123211,
-0.000003,
-0.004458,
-0.109159,
0.118285,
-0.007272,
-0.095555,
0.126847,
-0.079456,
-0.008748,
-0.144925,
-0.124819,
-0.091475,
-0.002691,
0.212082,
-0.107914,
-0.057506,
-0.083090,
0.019280,
-0.081630,
-0.015874,
0.123278,
0.042442,
0.063854,
-0.098570,
-0.059059,
0.064144,
-0.008668,
0.009218,
-0.056564,
-0.029031,
-0.018742,
0.096388,
0.105146,
-0.050898,
0.092320,
-0.015922,
-0.070840,
-0.065913,
-0.030594,
-0.055752,
0.092903,
-0.072049,
-0.301317,
0.115339,
-0.104562,
-0.029275,
0.096323,
0.018560,
-0.098135,
0.010117,
0.194185,
0.147976,
0.109674,
-0.064405,
0.000138,
0.074001,
0.050067,
-0.004192,
0.110646,
0.102983,
0.058872,
-0.041147,
0.110272,
-0.011731,
-0.007850,
-0.026595,
0.001177,
0.008798,
0.117155,
-0.055776,
-0.001353,
-0.010818,
-0.086136,
-0.002631,
-0.008602,
-0.011826,
-0.123133,
0.044167,
-0.001427,
-0.006776,
-0.087001,
-0.003703,
0.056309,
-0.022547,
-0.032414,
0.000012,
-0.141756,
0.072893,
-0.125356,
0.000009,
-0.060281,
0.024283,
0.001650,
-0.097156,
0.094315,
0.123795,
-0.161356,
0.125835,
-0.088141,
-0.113566,
0.019278,
0.085314,
0.000867,
-0.069631,
-0.088635,
-0.000841,
-0.031795,
0.152859,
0.054821,
-0.075577,
-0.001774,
-0.162611,
0.017246,
-0.027468,
-0.000713,
-0.000085,
-0.000078,
-0.073968,
0.039049,
0.038806,
-0.104837,
-0.020379,
-0.103258,
0.160931,
-0.202544,
-0.000107,
-0.187571,
0.170028,
-0.010889,
0.043824,
0.000588,
-0.116251,
-0.100299,
0.071540,
0.137927,
-0.044758,
0.000462,
-0.238049,
0.012287,
-0.209518,
-0.007877,
0.005177,
-0.001097,
-0.045377,
0.003560,
-0.056461,
0.198755,
0.108905,
-0.011383,
-0.192223,
0.185226,
0.063805,
-0.039353,
0.025045,
-0.065742,
-0.025505,
0.035739,
0.002168,
-0.106775,
-0.018660,
-0.017723,
-0.026737,
0.004534,
0.087479,
-0.008175,
0.070491,
-0.011651,
0.007862,
-0.102945,
0.005653,
-0.178115,
-0.135389,
0.050361,
-0.000899,
-0.001236,
0.073783,
-0.069772,
-0.103046,
-0.015958,
-0.035282,
0.085396,
-0.005889,
-0.155809,
-0.308040,
0.112582,
0.108971,
-0.047931,
0.012519,
-0.014579,
0.127574,
0.152820,
-0.006717,
-0.019806,
0.043071,
-0.136812,
-0.070066,
-0.135356,
0.033888,
0.053750,
-0.143068,
0.000991,
-0.005071,
-0.119931,
-0.116548,
-0.000189,
0.114149,
-0.073679,
-0.034700,
-0.138927,
-0.210868,
-0.036293,
0.094514,
-0.023888,
-0.010521,
0.007460,
0.123185,
-0.029584,
-0.000553,
-0.147965,
-0.080844,
-0.000001,
-0.037650,
0.076756,
-0.208051,
0.096726,
-0.057961,
-0.196708,
-0.002939,
-0.036840,
-0.018789,
-0.038655,
0.125436,
0.054988,
-0.132428,
-0.053520,
0.091714,
0.041604,
-0.166386,
-0.037184,
-0.035280,
0.028583,
-0.055754,
-0.086864,
-0.034571,
-0.333355,
0.026477,
-0.001956,
-0.023936,
-0.000245,
0.044692,
-0.053367,
-0.003673,
0.013974,
-0.005320,
-0.133692,
-0.190093,
0.153935,
-0.127653,
-0.001839,
-0.113295,
0.195663,
-0.051937,
-0.132165,
0.151531,
-0.103791,
-0.036516,
-0.050301,
-0.036873,
-0.041780,
0.008661,
0.041814,
-0.024588,
0.093362,
-0.124089,
0.024333,
-0.038365,
-0.086602,
0.136941,
0.020081,
-0.125170,
-0.085882,
-0.131222,
-0.085657,
0.127013,
-0.058035,
0.000004,
-0.041786,
0.137278,
0.047509,
0.151979,
0.021768,
0.040855,
-0.254468,
-0.001298,
0.103502,
0.152232,
0.021979,
-0.062517,
0.182126,
-0.085678,
-0.002157,
0.066149,
-0.000028,
-0.138939,
-0.031829,
-0.064584,
0.036345,
0.034661,
-0.004422,
-0.064847,
-0.000362,
-0.011360,
-0.053680,
0.121478,
-0.166428,
-0.054599,
0.126193,
-0.001256,
-0.058005,
0.023702,
-0.163392,
-0.236216,
0.077372,
0.001692,
0.001508,
-0.180670,
0.093240,
0.084071,
0.031493,
-0.073205,
-0.171251,
-0.067216,
-0.046095,
-0.063214,
-0.001439,
-0.262354,
-0.105672,
-0.028811,
0.162662,
0.130362,
0.099220,
0.022183,
-0.169508,
0.074158,
0.110796,
0.052909,
-0.135543,
0.016734,
0.032580,
-0.007363,
0.008325,
0.037984,
0.106667,
0.098082,
-0.000218,
-0.019910,
-0.000352,
0.002459,
-0.196069,
-0.109208,
-0.027178,
0.038583,
0.024556,
-0.043124,
0.082542,
-0.077083,
-0.013807,
-0.019878,
0.095676,
0.087962,
-0.052854,
-0.001667,
-0.001196,
0.070941,
0.057000,
0.124895,
0.010610,
-0.044223,
-0.014758,
0.017866,
0.026995,
-0.077447,
0.000233,
0.206648,
0.040042,
-0.034660,
0.018087,
-0.000118,
-0.130187,
-0.091842,
0.120165,
0.027385,
-0.057455,
-0.001388,
-0.003578,
0.048039,
0.103582,
0.001686,
0.103397,
0.009867,
0.139700,
-0.002151,
-0.015821,
-0.019172,
0.143360,
-0.017396,
0.007803,
-0.278863,
0.035500,
0.090857,
0.013347,
-0.005810,
-0.036164,
-0.074144,
0.072859,
0.078647,
0.124697,
-0.009219,
0.091860,
-0.003512,
-0.004843,
0.005335,
-0.087698,
0.126258,
-0.121040,
-0.044637,
-0.001099,
0.122122,
0.089311,
-0.001295,
0.145061,
-0.110153,
-0.165819,
-0.087947,
0.087914,
0.094146,
0.019889,
-0.004346,
0.118484,
0.002890,
-0.004974,
-0.010027,
-0.011916,
-0.065736,
0.100580,
0.119848,
0.068579,
0.028943,
-0.000194,
-0.000472,
-0.194277,
-0.117707,
0.120966,
-0.043300,
-0.005160,
-0.031943,
-0.243562,
0.034186,
-0.130368,
0.003279,
0.093129,
-0.010550,
0.112020,
-0.042768,
-0.000773,
-0.099386,
-0.377514,
-0.101648,
-0.000772,
0.139439,
0.069615,
0.000135,
0.046726,
0.075864,
0.098434,
0.154565,
0.040100,
0.116250,
-0.002443,
-0.018795,
-0.006055,
0.117866,
-0.002064,
-0.035392,
0.125633,
-0.000069,
-0.071055,
0.094325,
0.001570,
0.087761,
-0.012636,
0.067612,
-0.123743,
0.109600,
-0.172439,
0.074579,
-0.147493,
0.036916,
-0.002966,
-0.004779,
-0.001846,
0.003489,
0.201251,
0.109543,
-0.040929,
0.132072,
0.059055,
0.076361,
-0.034052,
0.074956,
-0.013780,
0.144560,
-0.000002,
-0.002045,
-0.048514,
-0.268684,
-0.006179,
0.041861,
0.166912,
-0.094313,
0.050213,
-0.059402,
-0.085054,
-0.020520,
-0.001760,
-0.092080,
-0.059037,
-0.022468,
-0.014604,
-0.033077,
0.035579,
-0.007028,
-0.197763,
0.071844,
-0.102812,
-0.114535,
-0.033377,
-0.039019,
-0.082864,
-0.009302,
0.002583,
-0.033911,
-0.009073,
-0.131559,
-0.028998,
-0.036044,
-0.249007,
-0.002729,
0.001893,
-0.162610,
0.025121,
0.108242,
0.018961,
0.015359,
0.110883,
-0.299045,
-0.032856,
-0.029618,
0.138150,
0.014249,
-0.084091,
0.106789,
0.129138,
-0.327582,
-0.421857,
-0.016030,
0.000093,
-0.238176,
0.061536,
0.000801,
0.129832,
-0.380562,
-0.134291,
-0.025688,
0.112491,
-0.015915,
0.002733,
-0.000225,
-0.005240,
0.003831,
-0.110232,
-0.041484,
0.001278,
0.005502,
0.100052,
0.015483,
-0.001673,
0.006784,
-0.060641,
-0.120292,
0.000248,
-0.004852,
-0.060983,
-0.003124,
0.070505,
-0.035255,
-0.013146,
-0.000187,
0.069908,
0.060966,
-0.064201,
0.000009,
-0.007865,
0.049167,
-0.001618,
0.034990,
0.131817,
-0.260271,
-0.002772,
0.175410,
-0.046734,
0.073759,
-0.007027,
-0.213129,
-0.001042,
0.028157,
0.100226,
0.001751,
0.006659,
0.093834,
0.021013,
-0.059374,
0.002078,
0.119197,
-0.048704,
-0.071144,
-0.000490,
-0.000071,
-0.000069,
-0.042827,
0.036882,
0.110800,
-0.061508,
0.025101,
0.102894,
0.174184,
0.127585,
-0.000046,
0.170807,
0.079572,
-0.039181,
-0.072449,
-0.037733,
0.049308,
-0.053426,
0.158590,
-0.214551,
-0.067993,
0.002232,
0.082573,
-0.016268,
-0.188484,
0.008793,
-0.014070,
-0.000718,
-0.038847,
-0.167557,
-0.045420,
-0.036913,
-0.069874,
-0.009104,
0.111530,
0.129852,
0.130363,
0.029140,
0.043952,
-0.016688,
-0.017382,
-0.062680,
-0.000995,
0.064582,
0.010052,
0.009250,
0.082525,
-0.008790,
0.078297,
0.009024,
0.084274,
-0.017783,
0.007080,
-0.083429,
-0.007613,
-0.106919,
0.159247,
0.039750,
-0.000836,
-0.002880,
-0.135765,
0.090730,
0.019216,
-0.005745,
-0.043925,
-0.195139,
0.001515,
0.099021,
0.063843,
0.167739,
0.075414,
-0.046921,
0.017064,
-0.007837,
-0.083124,
0.042682,
0.021207,
-0.005580,
0.005623,
0.224406,
-0.048526,
-0.044807,
-0.019407,
0.002150,
-0.149896,
-0.001086,
0.016904,
0.029260,
0.082325,
0.000083,
0.083220,
-0.121660,
-0.049451,
-0.094023,
-0.150391,
-0.017889,
-0.119599,
0.013543,
-0.008160,
-0.016929,
0.094487,
0.005523,
0.000106,
-0.031764,
-0.127771,
-0.000001,
-0.013739,
0.133069,
-0.110537,
0.078981,
-0.004144,
0.051875,
0.003206,
-0.045685,
-0.008231,
-0.041277,
-0.042616,
0.131927,
-0.096279,
0.095593,
-0.073899,
0.052524,
0.057529,
-0.036874,
0.004528,
0.089976,
-0.050925,
-0.035783,
-0.017581,
0.110775,
0.035622,
-0.000904,
0.008052,
0.000068,
-0.070511,
-0.017970,
0.014982,
0.004899,
0.001134,
0.172513,
-0.208030,
0.199538,
0.075846,
0.002505,
0.066906,
0.165983,
0.016110,
0.114694,
0.141328,
0.054913,
-0.019310,
-0.027411,
-0.024304,
0.030563,
0.000440,
-0.133298,
-0.012978,
-0.113456,
0.097898,
-0.054420,
0.039975,
0.103301,
-0.120120,
-0.021813,
-0.040591,
-0.053729,
0.048037,
0.023878,
-0.190438,
0.049183,
-0.000011,
0.044676,
0.041834,
0.085655,
0.028627,
-0.085017,
0.035309,
-0.327573,
-0.000694,
0.113559,
0.146553,
-0.055700,
0.181848,
-0.267710,
0.130293,
-0.001271,
0.119443,
0.000063,
-0.142053,
0.186537,
-0.041041,
0.027220,
0.003800,
-0.023276,
-0.056594,
0.000289,
0.006452,
0.130023,
0.075082,
0.006889,
0.053872,
0.089349,
0.003498,
0.011372,
-0.027329,
0.103849,
0.048963,
-0.166080,
0.001507,
0.005862,
0.103354,
-0.131116,
-0.132352,
0.007432,
-0.036982,
0.141959,
-0.047916,
-0.108544,
0.090702,
-0.001052,
0.078244,
0.064071,
0.031273,
-0.176425,
0.116233,
0.153071,
-0.097465,
-0.156277,
-0.211486,
-0.045917,
0.138546,
0.088631,
-0.098302,
-0.024103,
0.006595,
-0.041395,
-0.223962,
-0.015723,
0.125411,
-0.006103,
0.001287,
-0.000253,
0.000453,
-0.241520,
-0.198845,
0.029273,
-0.317184,
0.065241,
0.055872,
0.132699,
0.141728,
0.042597,
0.264523,
-0.161881,
-0.034334,
0.200791,
-0.001318,
0.002461,
0.063789,
0.061501,
0.124546,
0.017966,
-0.026069,
-0.012278,
-0.055816,
-0.000856,
-0.103355,
0.014665,
-0.145843,
-0.010098,
0.034083,
-0.081368,
-0.000113,
0.099936,
-0.129813,
-0.159470,
-0.035998,
-0.022714,
0.002231,
-0.003546,
0.022164,
-0.302823,
0.022532,
0.083801,
-0.003226,
-0.039094,
0.001414,
0.049217,
0.011833,
-0.171344,
-0.013760,
-0.006526,
0.089497,
0.025148,
0.139610,
-0.011431,
0.009976,
-0.021606,
0.068357,
-0.111522,
0.045387,
-0.095729,
0.104585,
0.115067,
0.072387,
-0.006203,
-0.018075,
0.058554,
0.128935,
-0.119414,
0.022304,
-0.000150,
0.155235,
0.118470,
0.001296,
-0.137372,
0.046264,
0.070160,
-0.130227,
0.103272,
-0.081433,
0.005561,
-0.010287,
0.010882,
0.003098,
0.006396,
-0.012008,
-0.005329,
0.083135,
-0.089391,
-0.339043,
0.098774,
0.030100,
-0.000135,
-0.000477,
0.112971,
0.037551,
-0.246011,
0.032067,
0.007028,
0.017180,
0.162655,
-0.094400,
-0.095219,
-0.004209,
-0.070169,
0.011126,
-0.306072,
-0.077706,
-0.000908,
-0.084084,
0.150645,
0.075684,
0.000698,
-0.109158,
-0.100742,
-0.000016,
0.088640,
-0.110674,
0.045796,
0.195578,
0.053084,
0.145274,
-0.002877,
-0.077208,
-0.004193,
-0.025338,
-0.009806,
-0.030719,
-0.035425,
0.000511,
-0.065272,
0.125725,
0.000990,
0.057665,
-0.069255,
-0.014759,
0.068409,
-0.189108,
-0.086086,
0.094522,
0.107739,
0.046668,
-0.001915,
0.001588,
0.000648,
-0.001258,
0.036009,
-0.086287,
-0.018065,
0.109033,
-0.197615,
0.126677,
0.064825,
0.072683,
-0.016721,
-0.424956,
-0.000001,
0.002863,
0.109039,
0.081451,
-0.005028,
-0.017736,
-0.304439,
-0.060832,
-0.173407,
0.050787,
-0.052741,
0.162586,
0.001212,
-0.090157,
0.136927,
0.026849,
0.038745,
-0.029281,
0.035098,
0.012493,
0.123376,
0.055397,
0.151927,
0.026067,
-0.002304,
-0.071989,
-0.084776,
0.007785,
0.032580,
-0.028627,
0.007357,
-0.121100,
0.108939,
0.093693,
0.052665,
0.004675,
0.026367,
0.052019,
-0.018051,
-0.039628,
0.061276,
0.079689,
-0.047388,
0.056997,
0.030005,
0.034679,
0.123230,
-0.123796,
-0.069084,
-0.049013,
0.133210,
0.109648,
0.082207,
0.151449,
-0.000144,
0.107871,
-0.063287,
0.001109,
0.157440,
0.135784,
-0.160535,
0.023357,
0.103687,
0.020946,
0.003558,
0.010651,
0.000789,
-0.009510,
-0.092298,
-0.030415,
-0.001377,
-0.008921,
-0.051747,
-0.003000,
0.007758,
-0.003058,
0.065171,
0.061052,
0.001253,
-0.003097,
0.095263,
-0.001678,
0.070002,
-0.004929,
-0.017385,
0.000178,
-0.094610,
-0.152383,
0.009312,
-0.000009,
0.039390,
0.046251,
-0.002108,
0.051541,
-0.285386,
0.104201,
0.119601,
0.156117,
0.049697,
0.075849,
-0.019042,
0.095635,
0.000765,
-0.018599,
0.054263,
-0.000078,
-0.011827,
0.171061,
0.075189,
0.006271,
0.000788,
0.066948,
-0.052864,
-0.059238,
-0.000175,
-0.000028,
-0.000024,
-0.070735,
-0.125724,
0.135217,
0.044775,
0.001396,
0.050443,
0.184875,
-0.237672,
0.000058,
0.125149,
-0.134281,
-0.088315,
-0.049555,
-0.035181,
-0.068348,
0.021813,
0.052853,
-0.193024,
-0.046940,
-0.000049,
-0.058397,
-0.011613,
0.107784,
-0.008056,
0.007058,
-0.000608,
-0.003887,
0.098192,
0.065638,
-0.078672,
-0.069192,
-0.008060,
0.040866,
0.010952,
0.040149,
0.022088,
-0.127400,
0.028607,
-0.080838,
-0.077985,
0.000931,
-0.049206,
0.001232,
0.007052,
-0.196962,
-0.007239,
-0.162745,
-0.006185,
0.037564,
-0.019362,
0.006606,
-0.008217,
-0.009206,
0.092794,
-0.126311,
0.126627,
0.000426,
-0.002234,
0.111224,
0.076062,
0.040790,
-0.006812,
0.020840,
0.137952,
0.002753,
-0.134022,
0.091362,
0.158844,
-0.255331,
0.039176,
-0.018453,
-0.017595,
-0.076946,
0.222594,
-0.006076,
0.015521,
0.037391,
0.154095,
-0.045085,
0.086133,
-0.017666,
-0.059450,
-0.123815,
-0.000872,
-0.027572,
0.026296,
-0.121429,
0.000100,
0.045879,
0.092725,
-0.039326,
-0.043505,
-0.175413,
-0.016175,
0.146277,
-0.018426,
-0.000214,
-0.028169,
-0.347593,
0.002631,
0.000066,
0.099163,
-0.107157,
-0.000000,
0.029374,
0.172508,
0.143950,
-0.131241,
-0.055873,
0.097022,
-0.002407,
-0.031408,
0.010329,
-0.032473,
-0.092421,
0.137212,
0.141998,
0.049300,
-0.095306,
0.124508,
-0.107884,
0.017184,
0.014408,
0.091093,
0.058554,
0.060238,
0.048819,
0.127861,
0.088876,
-0.000495,
0.017890,
0.000120,
0.055588,
-0.011324,
-0.002750,
-0.041007,
-0.000271,
0.009558,
-0.200965,
-0.149352,
0.045768,
-0.001460,
0.142189,
0.165512,
0.027174,
-0.065255,
-0.284714,
-0.074343,
0.030045,
0.025147,
-0.022644,
0.023091,
-0.024945,
0.109335,
0.014845,
0.075195,
0.001549,
0.037890,
0.002140,
-0.078232,
-0.195353,
-0.012466,
0.035101,
0.028335,
0.050019,
0.030736,
-0.135037,
-0.000059,
-0.000009,
-0.017106,
-0.008413,
0.100246,
-0.106490,
0.067276,
0.081449,
0.030491,
-0.001621,
-0.260057,
0.156436,
0.065855,
-0.047204,
0.089901,
-0.079400,
-0.000564,
0.103085,
0.000076,
0.125881,
-0.032476,
0.046179,
0.069915,
-0.008907,
0.059963,
-0.046358,
0.000193,
0.046308,
-0.050237,
0.052118,
-0.193329,
0.094830,
-0.221976,
-0.001267,
-0.057407,
0.035310,
0.088782,
-0.179630,
0.087002,
0.001003,
0.010659,
0.068854,
0.066030,
-0.150467,
0.011130,
-0.051169,
-0.169795,
-0.048796,
0.073151,
-0.037878,
-0.001255,
0.141106,
0.061618,
-0.017383,
-0.147288,
-0.188974,
-0.254925,
0.087517,
0.175504,
0.100343,
-0.018964,
0.068545,
0.022917,
0.037966,
0.001585,
0.008232,
0.087030,
0.057009,
0.038559,
0.142526,
0.002177,
0.078561,
0.000338,
-0.000517,
-0.181131,
0.127240,
0.007704,
0.096592,
-0.051535,
-0.031260,
0.120586,
-0.082532,
-0.010043,
-0.026338,
-0.140255,
-0.043730,
-0.038558,
0.000571,
-0.000338,
0.049915,
-0.032745,
0.131762,
-0.009932,
0.029993,
0.034678,
-0.019880,
-0.001679,
-0.113544,
-0.004962,
-0.229371,
0.057700,
0.051738,
-0.075929,
0.000103,
-0.138930,
0.015561,
0.101031,
-0.010286,
-0.041233,
0.002381,
0.005652,
0.047605,
0.048411,
0.051680,
-0.193880,
0.004673,
-0.037405,
0.001669,
-0.026622,
-0.001643,
0.091618,
0.022552,
0.005209,
0.147053,
0.017164,
0.102349,
-0.007578,
0.004840,
-0.037823,
-0.066710,
0.075027,
-0.166270,
-0.101720,
-0.028762,
0.141464,
0.053297,
0.003718,
-0.005008,
0.013750,
-0.113205,
0.088464,
0.021576,
0.002362,
0.148478,
0.056242,
-0.001247,
-0.095766,
0.052980,
0.076693,
-0.065710,
-0.156887,
-0.029157,
-0.005600,
0.015069,
-0.236203,
0.003548,
0.004817,
0.005741,
0.007326,
-0.048087,
0.065920,
0.102944,
0.077110,
-0.029049,
-0.000086,
-0.000246,
0.040885,
-0.061504,
-0.209363,
0.031063,
0.008896,
-0.013206,
-0.173190,
0.007026,
0.076456,
0.025728,
0.139795,
-0.010597,
-0.297262,
-0.055253,
0.001150,
0.033623,
-0.345140,
0.086192,
-0.000904,
-0.097635,
0.040709,
-0.000014,
-0.146399,
-0.076177,
0.040642,
0.241720,
0.057306,
-0.231454,
-0.001871,
-0.015330,
-0.008664,
0.012433,
0.018581,
0.014321,
-0.010290,
-0.000751,
-0.050425,
-0.143877,
-0.001276,
-0.096343,
-0.022350,
0.052470,
0.056022,
-0.122786,
0.033789,
-0.046582,
-0.175051,
-0.080047,
0.003238,
0.003839,
-0.000460,
-0.002275,
-0.071990,
0.082210,
0.069288,
-0.027291,
0.054499,
0.136922,
0.056530,
-0.059132,
-0.001553,
-0.215737,
0.000000,
0.003434,
-0.009350,
0.109351,
-0.003931,
-0.061289,
0.081010,
-0.011704,
0.083915,
0.068540,
0.065354,
-0.058317,
0.000938,
0.103125,
-0.043452,
0.050020,
0.050556,
0.030000,
-0.012271,
0.009471,
0.118560,
-0.078142,
-0.115869,
0.055416,
0.031971,
-0.011934,
-0.065281,
0.007842,
0.012567,
-0.028228,
0.007048,
-0.074372,
0.061320,
-0.007863,
-0.193796,
0.012158,
0.038202,
0.100842,
0.009420,
-0.024444,
0.066154,
0.003727,
-0.163578,
-0.278943,
0.034792,
-0.011783,
0.098258,
0.012030,
0.115507,
-0.051856,
0.101680,
0.171272,
0.156671,
0.001262,
-0.000138,
-0.204635,
0.031206,
-0.000057,
-0.443743,
0.173747,
0.050992,
-0.020647,
-0.124754,
-0.006568,
0.009664,
0.036895,
0.001656,
-0.005487,
-0.119185,
0.058708,
0.001532,
0.005525,
-0.006730,
-0.002137,
0.006843,
-0.004155,
0.036157,
0.073184,
0.001205,
-0.005781,
0.012086,
0.001842,
-0.148536,
-0.028165,
0.001871,
-0.000141,
0.101535,
0.079670,
0.051814,
-0.000006,
0.037760,
-0.045833,
-0.001510,
0.058843,
0.106839,
0.169620,
0.122657,
0.190162,
0.032618,
0.062853,
0.011461,
0.099964,
-0.000773,
0.055842,
0.003016,
0.000548,
0.018553,
-0.238840,
0.092552,
-0.044124,
0.000214,
0.032637,
0.098327,
-0.049061,
-0.000217,
0.000056,
0.000370,
0.099506,
0.047128,
0.154850,
0.054695,
-0.001697,
-0.002209,
0.109426,
0.049790,
0.000006,
-0.183271,
0.131668,
-0.003014,
0.050226,
-0.018736,
0.040584,
0.044972,
-0.088064,
0.072168,
-0.049669,
-0.001695,
0.048068,
0.001503,
0.065908,
-0.005129,
0.013028,
0.000513,
0.009011,
0.158540,
-0.022776,
-0.039943,
0.051608,
0.010739,
0.044717,
-0.193674,
0.110906,
0.022581,
0.109865,
0.026118,
0.064353,
0.008538,
-0.007238,
0.067595,
-0.008467,
0.008522,
0.097841,
0.004596,
0.014444,
-0.005678,
-0.074972,
-0.007114,
-0.014095,
0.145902,
-0.023651,
-0.075619,
-0.129260,
-0.036502,
-0.000416,
0.002672,
0.120641,
-0.059227,
-0.029550,
-0.002794,
-0.030949,
-0.012658,
-0.002321,
0.135270,
0.097735,
-0.296695,
0.117912,
0.016572,
-0.019864,
-0.032600,
0.056526,
0.142608,
-0.005785,
0.009621,
-0.053653,
0.082725,
-0.046163,
0.078481,
-0.012365,
0.017115,
-0.029894,
0.001869,
0.020771,
0.048335,
-0.104179,
0.000140,
0.099352,
-0.071816,
0.157576,
0.074379,
0.084124,
-0.013672,
-0.072572,
0.027284,
-0.003595,
0.011309,
0.134392,
0.004486,
-0.000012,
0.127268,
-0.098026,
0.000001,
0.011251,
0.096970,
0.119078,
0.057524,
0.115747,
-0.077716,
0.001212,
-0.026060,
-0.014949,
-0.030859,
-0.053039,
-0.341581,
0.104569,
-0.025832,
-0.068737,
0.091384,
-0.095493,
-0.018212,
0.025458,
-0.098487,
0.054633,
0.082548,
-0.008028,
0.074610,
0.056441,
0.003149,
-0.014294,
0.000140,
-0.007450,
-0.001438,
-0.002570,
0.005684,
0.003159,
0.009231,
0.102594,
-0.105297,
-0.005938,
-0.001602,
-0.114539,
-0.240937,
0.010800,
0.152839,
0.110749,
0.036654,
-0.023954,
0.002380,
0.023110,
0.016015,
0.008218,
0.121312,
-0.010344,
0.074140,
0.061512,
0.028681,
-0.014229,
-0.063511,
0.144976,
0.021331,
0.030578,
0.028115,
0.064831,
-0.029923,
0.043960,
-0.024206,
0.000006,
0.046116,
-0.029268,
0.101286,
-0.108544,
-0.078460,
0.039682,
0.133419,
-0.001269,
0.157417,
-0.385040,
-0.025329,
-0.045210,
-0.229695,
-0.087327,
0.006067,
0.072487,
-0.000020,
0.093581,
0.017545,
0.036507,
0.076621,
-0.013637,
-0.032099,
-0.023801,
0.000509,
-0.030276,
-0.038243,
0.113980,
-0.166116,
0.092233,
0.179332,
0.002348,
-0.063783,
0.014909,
0.103410,
0.117404,
0.077615,
0.001230,
0.000094,
0.045807,
0.086394,
0.076815,
0.005912,
0.090250,
-0.175599,
0.101616,
0.032748,
0.152277,
0.000725,
0.010830,
-0.142153,
0.025155,
0.080001,
-0.178590,
-0.263504,
-0.047064,
-0.166682,
-0.062451,
-0.016256,
0.059771,
0.053003,
-0.009260,
0.053881,
0.007842,
0.086594,
0.060100,
-0.028153,
-0.119184,
0.002561,
-0.009779,
0.000324,
-0.001553,
0.106870,
-0.142128,
-0.031950,
0.168510,
0.054258,
0.018934,
0.164036,
-0.078161,
-0.020774,
-0.015328,
0.132214,
-0.029604,
-0.044099,
0.001295,
-0.000727,
0.084765,
-0.041087,
-0.132287,
0.012351,
0.051391,
0.021608,
0.005368,
-0.005998,
-0.066446,
0.008561,
-0.195641,
-0.027672,
-0.016751,
-0.040207,
0.000056,
0.102061,
0.051131,
-0.125759,
0.028021,
-0.038456,
-0.001906,
-0.002143,
-0.054040,
-0.170720,
0.070807,
-0.169487,
-0.003712,
0.154675,
-0.001474,
0.129984,
-0.013769,
-0.156911,
0.016536,
-0.003910,
0.172402,
-0.031235,
-0.351325,
0.008501,
0.006813,
0.002884,
-0.074882,
0.041370,
-0.136847,
-0.092342,
0.049696,
-0.230656,
-0.040767,
-0.004531,
-0.005590,
-0.078615,
-0.042732,
0.083111,
-0.061073,
0.001874,
0.131796,
-0.154659,
-0.000625,
-0.065685,
0.033470,
-0.134450,
-0.100313,
0.113893,
0.024777,
0.011249,
0.014386,
0.138350,
-0.003592,
0.003155,
0.008878,
0.016935,
0.072214,
-0.076671,
-0.226392,
-0.089529,
0.041778,
-0.000090,
0.001498,
0.174621,
0.089204,
0.071757,
0.027995,
0.007863,
0.050881,
0.107123,
0.054168,
0.096209,
-0.004896,
-0.058485,
-0.009818,
0.141481,
-0.066406,
0.000350,
0.057912,
-0.304686,
0.093437,
-0.000782,
0.037499,
-0.055089,
-0.000027,
-0.176961,
-0.021045,
-0.023491,
-0.176757,
0.078937,
0.111846,
0.017668,
0.012045,
-0.008878,
-0.015509,
0.006520,
0.027915,
-0.028349,
0.000066,
0.070487,
0.063975,
0.001499,
0.116466,
0.006710,
0.051144,
0.105321,
0.106454,
0.109030,
0.091975,
0.131050,
0.072026,
-0.003101,
0.002798,
-0.001063,
-0.002129,
-0.080233,
-0.145384,
0.010222,
0.128017,
0.018678,
0.141641,
-0.013713,
0.071264,
0.011568,
0.128353,
-0.000002,
0.000834,
0.077184,
0.003498,
0.021784,
0.049136,
0.101031,
0.076928,
0.071599,
-0.039599,
0.096342,
-0.055194,
-0.001858,
-0.051839,
-0.059489,
-0.019560,
-0.043886,
0.032412,
0.030558,
-0.005649,
-0.106494,
0.063192,
0.126531,
0.116407,
-0.012430,
-0.013838,
-0.051399,
-0.007477,
-0.034127,
-0.022491,
-0.004286,
0.155975,
-0.057189,
0.075381,
0.088493,
-0.001830,
-0.040987,
0.139352,
0.020382,
0.000839,
-0.095370,
0.089050,
0.114720,
0.146734,
0.065257,
0.109319,
0.150596,
0.047888,
0.045902,
0.147983,
-0.197658,
-0.223597,
0.170394,
-0.011765,
-0.000100,
0.085005,
-0.061342,
0.001130,
0.198762,
-0.125808,
0.153838,
0.007424,
0.144674,
0.027863,
-0.000271,
-0.014715,
0.002083,
0.000171,
-0.077549,
-0.017975,
-0.001197,
-0.007251,
-0.026314,
-0.002745,
0.000377,
0.001309,
0.002900,
-0.095023,
-0.000381,
-0.003048,
-0.035191,
0.005343,
0.065687,
0.041131,
-0.018477,
0.000296,
-0.066256,
-0.153202,
0.048756,
0.000003,
-0.033222,
0.074470,
0.001367,
0.043672,
-0.015676,
-0.140655,
0.076345,
-0.491256,
-0.033586,
0.060668,
-0.017132,
-0.036324,
-0.000922,
0.095025,
-0.013322,
-0.000515,
0.008634,
0.161218,
0.100248,
0.011496,
-0.000554,
-0.099868,
-0.018348,
0.021613,
-0.000036,
0.000062,
-0.000039,
-0.067604,
0.042817,
0.218323,
-0.047812,
-0.007100,
0.096882,
0.108261,
0.056563,
-0.000026,
0.102028,
0.125367,
0.058563,
-0.053634,
0.064455,
0.066322,
0.111676,
-0.066118,
0.122352,
0.217506,
0.002926,
0.133958,
0.013628,
0.066448,
-0.002564,
0.013004,
0.000779,
0.025533,
-0.119717,
0.071173,
-0.016505,
-0.035406,
0.010675,
0.099319,
0.098426,
-0.194345,
-0.030105,
-0.093299,
-0.029216,
0.069996,
-0.036043,
-0.005364,
0.009452,
0.003630,
0.011130,
0.064189,
-0.004983,
-0.081501,
-0.005043,
-0.088361,
0.051785,
-0.017081,
-0.068703,
-0.019087,
0.013779,
-0.114943,
-0.060693,
0.002046,
-0.001754,
0.123674,
0.091584,
0.082508,
0.013257,
-0.031217,
-0.145754,
-0.002367,
-0.105129,
0.041694,
0.167654,
-0.231230,
-0.030114,
-0.003534,
-0.009436,
-0.048758,
-0.112370,
-0.006102,
0.013792,
-0.061067,
0.160585,
0.087974,
-0.075208,
0.033312,
-0.062718,
0.061373,
-0.000988,
0.003471,
-0.025449,
0.077656,
0.000098,
-0.242216,
0.088508,
-0.025267,
0.087694,
-0.132676,
0.031458,
0.100213,
0.013725,
0.002974,
-0.004852,
0.127552,
-0.000237,
0.000210,
-0.109703,
0.119923,
-0.000000,
-0.015187,
0.112162,
-0.090976,
-0.203227,
-0.056251,
0.058848,
0.000805,
0.060444,
-0.006069,
0.243425,
-0.042497,
0.226153,
-0.094948,
-0.019188,
0.093150,
0.105384,
0.062531,
0.034490,
-0.001760,
-0.138384,
-0.053972,
0.029516,
0.030723,
0.121488,
-0.113427,
-0.000702,
0.015501,
0.000113,
-0.058587,
0.144660,
-0.002488,
0.004870,
0.002525,
-0.008056,
-0.152608,
-0.113221,
-0.066445,
-0.001400,
0.056017,
-0.183611,
-0.020074,
-0.072012,
0.109262,
0.015011,
-0.016396,
-0.016307,
-0.021306,
-0.025642,
0.006493,
-0.122272,
0.010818,
-0.077555,
0.114763,
-0.052019,
0.061058,
-0.009116,
-0.135918,
-0.016650,
0.039285,
0.031894,
0.053411,
0.017471,
0.153328,
-0.037357,
-0.000008,
-0.030217,
-0.026272,
-0.149624,
0.078498,
-0.059378,
-0.081537,
0.094968,
-0.000786,
0.053823,
-0.340474,
-0.058677,
-0.037813,
0.154687,
-0.095860,
-0.001751,
-0.090339,
-0.000025,
0.062887,
-0.028878,
0.042186,
0.074306,
-0.019366,
-0.045859,
-0.013933,
0.000027,
-0.049896,
-0.049545,
-0.064047,
0.125878,
0.067919,
-0.162836,
0.000274,
0.113761,
-0.028893,
-0.067962,
0.088333,
-0.194381,
0.000208,
-0.006787,
-0.123513,
0.084335,
0.092209,
-0.028803,
0.034112,
0.102371,
-0.070728,
0.116995,
-0.048278,
0.006449,
-0.259999,
-0.171573,
0.014118,
0.158253,
0.082224,
0.071902,
0.068250,
0.115727,
0.091857,
-0.036914,
-0.127017,
0.065546,
-0.080886,
-0.000844,
0.003651,
0.082805,
0.095527,
-0.017448,
0.107945,
0.002341,
-0.016131,
-0.000312,
-0.003211,
0.111897,
0.091157,
-0.035916,
0.117635,
0.043150,
-0.039411,
-0.170774,
0.095765,
-0.008614,
-0.032838,
0.081671,
-0.035955,
-0.031864,
0.000409,
0.005177,
-0.044798,
-0.045721,
-0.114434,
-0.010812,
0.027468,
0.005433,
0.072760,
-0.002817,
0.129925,
0.002169,
0.116828,
-0.033810,
0.016731,
0.127551,
-0.000132,
0.086428,
0.071421,
0.135054,
0.017315,
-0.000689,
0.001669,
0.003294,
0.024430,
0.113462,
0.024011,
0.079213,
0.005714,
-0.028281,
-0.002850,
-0.000069,
-0.016419,
0.128798,
-0.014621,
-0.001040,
-0.276288,
-0.026092,
-0.287978,
-0.030350,
-0.004167,
-0.027559,
0.064432,
0.058539,
0.109610,
0.069864,
-0.031996,
0.092806,
0.058067,
0.005272,
-0.013012,
-0.077139,
-0.191607,
0.092252,
-0.066500,
-0.000744,
-0.202284,
-0.218361,
0.000808,
0.112986,
-0.103819,
0.048958,
0.117483,
0.074160,
0.059716,
-0.007056,
-0.009855,
0.110738,
0.003366,
-0.003896,
-0.007024,
-0.006532,
0.065191,
0.083010,
0.118858,
-0.057818,
0.030739,
-0.000219,
-0.000472,
0.080095,
0.036578,
-0.255914,
-0.020037,
0.003857,
-0.015652,
0.087522,
0.039063,
0.094591,
-0.005066,
-0.049174,
-0.028895,
-0.239062,
0.084267,
-0.001459,
0.022841,
0.152037,
0.043081,
-0.001124,
0.056789,
0.106843,
-0.000010,
-0.139811,
0.074002,
-0.022157,
-0.170506,
0.054222,
0.086924,
-0.004837,
-0.029358,
-0.008870,
-0.013134,
-0.010364,
0.022696,
-0.028969,
-0.000681,
0.058081,
-0.090400,
0.000892,
0.052512,
-0.038312,
-0.059745,
-0.100275,
0.044023,
-0.107498,
0.040912,
0.107946,
0.063827,
0.021694,
0.001937,
-0.001821,
-0.002118,
-0.068262,
-0.103521,
0.020598,
0.060485,
0.077113,
-0.226357,
-0.030628,
-0.067967,
-0.005630,
0.096605,
-0.000004,
0.002871,
0.033123,
0.127657,
0.005279,
0.022277,
-0.232632,
-0.082470,
-0.077628,
0.042359,
-0.053323,
-0.092197,
-0.001833,
0.083194,
0.044863,
0.041817,
-0.061264,
-0.025384,
0.017091,
-0.005342,
0.107650,
-0.068729,
0.066809,
0.042121,
-0.037061,
-0.048508,
0.179708,
0.002720,
-0.041999,
-0.049171,
-0.008864,
0.019030,
-0.042919,
-0.016246,
-0.097404,
0.003654,
0.032321,
0.086312,
-0.014912,
-0.021033,
0.055289,
-0.026709,
0.100452,
-0.233440,
0.046762,
-0.017002,
-0.172124,
0.026381,
-0.096793,
-0.038038,
-0.195813,
0.128137,
0.142235,
-0.024457,
0.000094,
0.063106,
0.017707,
0.000952,
0.143691,
-0.409051,
-0.005960,
-0.001301,
-0.085156,
0.011214,
-0.002703,
-0.021090,
-0.003564,
-0.006652,
0.094942,
-0.052085,
0.000721,
0.005402,
0.048037,
-0.001702,
0.003194,
0.003232,
-0.060579,
0.121529,
-0.000095,
-0.006805,
-0.038643,
0.001288,
0.073707,
-0.028826,
-0.028568,
-0.000162,
0.092203,
0.062325,
-0.006480,
-0.000006,
-0.033523,
-0.003588,
0.003331,
-0.038274,
0.134549,
0.103603,
0.069978,
0.120386,
0.037589,
-0.027278,
0.000675,
0.102465,
-0.001020,
-0.022972,
-0.044001,
-0.000502,
0.008252,
-0.262179,
0.079572,
-0.023967,
-0.000646,
0.041796,
-0.035458,
-0.007994,
0.000650,
0.000090,
-0.000052,
0.048774,
0.049835,
-0.159368,
0.078472,
-0.019734,
-0.032523,
-0.193097,
-0.229245,
-0.000045,
-0.170609,
-0.220639,
-0.028564,
0.166919,
0.006164,
0.040666,
-0.053559,
0.061228,
0.105300,
-0.027722,
0.001253,
0.059656,
0.004495,
-0.109306,
-0.008618,
0.003581,
-0.000604,
-0.036858,
0.091202,
-0.007249,
-0.024683,
0.037778,
-0.010516,
0.031464,
0.108780,
0.128843,
0.024685,
0.088710,
-0.040422,
0.034983,
0.014840,
-0.007561,
-0.068001,
0.007831,
-0.005005,
-0.116834,
0.015477,
0.059496,
0.006208,
0.063384,
-0.011677,
0.001279,
0.155446,
-0.023233,
-0.090568,
0.095550,
-0.034558,
0.000517,
0.007958,
0.071540,
-0.073095,
0.000349,
-0.022327,
-0.049964,
0.084526,
-0.001420,
0.072874,
-0.174100,
-0.243696,
0.065299,
0.003559,
-0.018036,
-0.002974,
0.094717,
0.072149,
-0.006674,
0.003770,
-0.067124,
0.101667,
0.062061,
0.041793,
0.009851,
0.056180,
0.152059,
0.001000,
-0.015809,
0.046060,
0.046433,
-0.000042,
0.152570,
0.074361,
-0.043711,
-0.082729,
0.107991,
-0.038283,
-0.126711,
-0.026490,
-0.008064,
-0.012725,
-0.201900,
0.007467,
0.000236,
0.137510,
0.068938,
0.000002,
0.020969,
-0.351893,
0.093050,
0.074185,
-0.078603,
0.062132,
0.001526,
-0.027785,
-0.024829,
0.018464,
0.048680,
0.124971,
0.064050,
-0.038592,
0.065271,
-0.164444,
0.090273,
-0.040245,
0.027515,
-0.092924,
0.025322,
0.023261,
-0.010492,
0.102528,
-0.008712,
0.000109,
0.008226,
-0.000117,
-0.078820,
-0.035059,
-0.001592,
0.010652,
0.002728,
-0.076769,
0.151443,
-0.130577,
0.032411,
-0.001855,
-0.054224,
-0.248077,
0.008759,
-0.082794,
0.111186,
0.001868,
0.003426,
-0.046727,
0.204688,
-0.024763,
0.007140,
0.103684,
0.009834,
-0.083995,
-0.063368,
-0.067947,
0.002788,
-0.059815,
0.128506,
-0.022259,
-0.074177,
0.049148,
0.054818,
0.017655,
0.001452,
-0.054641,
-0.000010,
0.048906,
0.006845,
0.054980,
-0.140272,
-0.049608,
0.058682,
0.088239,
-0.001141,
0.094885,
0.114926,
0.060227,
0.101447,
0.165850,
-0.114297,
-0.001416,
0.111602,
-0.000002,
0.109479,
0.024233,
0.140993,
-0.083804,
-0.016633,
0.010040,
0.021454,
0.000102,
0.009153,
-0.010253,
-0.062430,
0.117588,
-0.111218,
-0.083731,
0.001959,
0.059534,
-0.023869,
0.064630,
-0.222519,
0.065615,
-0.001314,
-0.007025,
-0.160064,
-0.175947,
0.078548,
0.017114,
-0.078847,
0.113529,
0.060786,
-0.054633,
-0.049027,
-0.001791,
0.130735,
0.101997,
-0.037212,
0.112543,
0.067756,
-0.184583,
0.048660,
0.188685,
-0.141404,
0.032094,
0.061426,
0.020507,
0.091390,
0.021259,
0.012947,
0.052822,
0.065949,
-0.015770,
-0.183289,
0.000694,
-0.006344,
0.000269,
-0.007216,
0.099558,
-0.213019,
0.018577,
0.106829,
-0.073616,
0.014526,
-0.155906,
-0.126063,
0.039186,
-0.024860,
0.091140,
-0.027455,
-0.007733,
0.000425,
-0.001479,
-0.054806,
0.052326,
-0.092003,
0.015504,
-0.039997,
-0.017984,
-0.018884,
-0.003801,
0.051811,
-0.011665,
0.168493,
-0.042128,
-0.018533,
0.082609,
0.000073,
0.075284,
0.058158,
-0.170477,
-0.061756,
-0.058288,
-0.002650,
-0.003763,
0.089244,
-0.175376,
0.034684,
0.087608,
-0.003119,
-0.038269,
0.001707,
-0.035700,
0.021614,
0.118104,
0.030239,
-0.008790,
0.078977,
0.027910,
0.138012,
-0.016343,
-0.000850,
-0.017550,
0.097937,
-0.126180,
0.099252,
0.099137,
-0.037584,
0.112859,
0.080805,
-0.003155,
0.025726,
-0.100004,
0.077713,
0.071209,
0.036138,
-0.001783,
-0.166014,
0.084913,
-0.000935,
-0.094439,
0.075019,
0.068246,
0.128173,
0.077929,
0.039111,
-0.010217,
0.008848,
0.074610,
-0.002806,
0.010895,
-0.010506,
0.020068,
0.019701,
0.009695,
0.168274,
-0.044329,
-0.044882,
-0.000301,
-0.000337,
0.073359,
0.049933,
0.084600,
0.038956,
-0.006038,
-0.012499,
0.057795,
0.040288,
0.032551,
-0.007387,
-0.095561,
-0.038797,
0.116748,
0.121133,
0.001628,
0.016053,
0.187126,
0.056399,
-0.001033,
-0.092444,
-0.056335,
-0.000010,
0.171845,
-0.046052,
-0.033261,
-0.161110,
-0.102075,
0.086129,
0.002142,
0.091051,
-0.010702,
-0.012787,
0.017213,
0.009122,
-0.028634,
-0.000198,
-0.019134,
0.078039,
-0.003219,
0.039627,
-0.010243,
0.061038,
0.102360,
-0.083471,
-0.122522,
-0.131523,
-0.132686,
-0.068960,
-0.005410,
0.001433,
-0.004451,
-0.001854,
-0.058752,
-0.121430,
0.008980,
-0.059256,
0.089268,
0.143730,
-0.029023,
0.065397,
0.006810,
0.087445,
0.000001,
-0.002381,
-0.046183,
-0.181855,
-0.010550,
-0.076425,
0.097857,
0.099294,
0.052596,
0.057182,
0.064139,
0.095609,
0.001537,
-0.074467,
0.046358,
-0.051849,
0.057476,
0.021282,
0.027286,
0.008210,
0.144335,
0.058570,
0.081065,
-0.077009,
0.073480,
0.062890,
-0.108717,
-0.009864,
0.039292,
-0.039634,
-0.005328,
0.145883,
-0.019026,
-0.011232,
0.102488,
-0.007525,
0.037188,
0.016157,
-0.017355,
-0.024213,
0.079223,
-0.052023,
0.120168,
0.177629,
0.021899,
-0.022940,
-0.123268,
-0.003454,
0.029827,
0.026387,
-0.163026,
-0.294592,
-0.249103,
0.008166,
-0.000078,
0.180962,
-0.091629,
-0.001981,
-0.336959,
0.159015,
0.086545,
0.009165,
0.007521,
-0.019768,
-0.005287,
-0.017500,
0.002891,
-0.000070,
-0.103239,
-0.046185,
-0.001637,
0.008029,
-0.066875,
-0.001811,
-0.006072,
-0.009954,
0.046233,
-0.011238,
-0.000599,
-0.005780,
-0.069521,
-0.003766,
0.057262,
-0.029958,
-0.022213,
-0.000150,
-0.088737,
-0.158715,
0.049823,
0.000003,
-0.031187,
0.088627,
0.002002,
-0.062531,
0.107984,
0.113443,
0.004614,
-0.411135,
-0.036950,
-0.030281,
-0.020962,
-0.170054,
-0.001220,
-0.056718,
-0.084354,
-0.000444,
-0.014473,
-0.262340,
0.071580,
0.042953,
-0.000624,
0.070873,
0.015635,
0.080216,
-0.000293,
-0.000028,
0.000033,
-0.106463,
0.045239,
-0.179775,
0.074378,
-0.013541,
-0.020246,
0.065541,
0.084452,
0.000365,
-0.170335,
0.089703,
0.020293,
-0.104167,
0.008621,
-0.033003,
0.036002,
-0.134386,
-0.191331,
0.036660,
-0.002254,
-0.144822,
-0.013802,
0.080389,
-0.005019,
0.006523,
0.000614,
0.012000,
0.124427,
0.126380,
-0.051364,
-0.051183,
0.020427,
-0.079637,
-0.233194,
0.065198,
0.012015,
-0.049639,
0.034201,
0.061495,
0.032526,
-0.008021,
0.047421,
-0.015506,
-0.016769,
-0.115418,
-0.008253,
0.073914,
-0.004875,
0.063485,
0.020612,
-0.019447,
0.174857,
-0.050772,
0.056927,
0.116090,
0.022120,
-0.000476,
-0.002380,
-0.111019,
0.009817,
0.033822,
-0.019208,
-0.001958,
-0.020165,
0.007674,
0.083786,
0.095069,
-0.163100,
-0.264592,
0.029389,
0.008745,
0.000913,
-0.037682,
-0.221020,
-0.008615,
-0.010443,
0.006493,
-0.162829,
-0.047436,
0.158267,
0.017319,
0.032585,
0.124603,
0.001400,
0.007810,
-0.003818,
0.077756,
-0.000099,
-0.039846,
0.058222,
-0.031275,
0.116056,
0.158340,
0.057840,
0.010079,
0.035714,
-0.003220,
-0.019033,
-0.159382,
-0.002234,
-0.000310,
-0.168226,
0.080812,
-0.000001,
0.013967,
-0.307231,
-0.080357,
0.135145,
0.071586,
-0.082838,
0.001383,
0.192744,
-0.007604,
-0.033289,
-0.069530,
0.097241,
-0.085309,
0.019057,
0.042265,
-0.200835,
0.034155,
0.184554,
-0.027782,
-0.126350,
0.062192,
-0.059486,
0.020825,
-0.185845,
0.072406,
-0.001772,
-0.009001,
0.000047,
0.054165,
-0.038857,
-0.001490,
0.000567,
-0.005211,
-0.056640,
0.128393,
-0.162162,
-0.058673,
-0.002575,
0.071459,
0.045968,
0.022813,
-0.063257,
0.083239,
-0.099445,
-0.018703,
0.114643,
-0.049852,
-0.029029,
0.005585,
-0.137574,
0.005526,
0.080074,
-0.019566,
0.035257,
-0.017354,
-0.058714,
0.107265,
-0.021174,
0.032878,
-0.053387,
0.015175,
0.003109,
0.052706,
0.045249,
-0.000013,
-0.041620,
