0.633751,
-0.215568,
-1.265389,
0.653136,
-0.235235,
-1.304409,
0.769446,
-0.136901,
-1.226368,
0.788831,
-0.097567,
-1.187348,
0.672521,
-0.215568,
-1.323920,
0.594981,
-0.274569,
-1.421471,
0.711291,
-0.156568,
-1.304409,
0.653136,
-0.195901,
-1.343430,
0.633751,
-0.235235,
-1.362940,
0.653136,
-0.195901,
-1.421471,
0.691906,
-0.136901,
-1.421471,
0.672521,
-0.235235,
-1.206858,
0.691906,
-0.235235,
-1.265389,
0.788831,
-0.117234,
-1.421471,
0.846985,
-0.117234,
-1.343430,
0.866370,
-0.077900,
-1.362940,
0.808215,
-0.117234,
-1.440981,
0.711291,
-0.195901,
-1.480002,
0.672521,
-0.235235,
-1.460492,
0.672521,
-0.215568,
-1.382451,
0.594981,
-0.274569,
-1.362940,
0.459287,
-0.313902,
-1.343430,
0.478672,
-0.313902,
-1.343430,
0.439902,
-0.333569,
-1.382451,
0.459287,
-0.313902,
-1.362940,
0.342977,
-0.431904,
-1.460492,
0.284823,
-0.490904,
-1.382451,
0.304208,
-0.510571,
-1.421471,
0.342977,
-0.510571,
-1.480002,
0.226668,
-0.549905,
-1.519023,
0.013434,
-0.628572,
-1.519023,
-0.180415,
-0.746573,
-1.577553,
0.517442,
-0.215568,
-1.226368,
0.498057,
-0.254902,
-1.440981,
0.653136,
-0.176235,
-1.343430,
0.788831,
-0.136901,
-1.128817,
0.711291,
-0.215568,
-1.265389,
0.672521,
-0.195901,
-1.382451,
0.750061,
-0.117234,
-1.304409,
0.711291,
-0.176235,
-1.343430,
0.730676,
-0.136901,
-1.323920,
0.594981,
-0.254902,
-1.480002,
0.575596,
-0.235235,
-1.421471,
0.653136,
-0.254902,
-1.167837,
0.730676,
-0.195901,
-1.206858,
0.866370,
-0.077900,
-1.421471,
0.885755,
-0.117234,
-1.440981,
0.885755,
-0.156568,
-1.577553,
0.846985,
-0.156568,
-1.636084,
0.672521,
-0.235235,
-1.577553,
0.556212,
-0.215568,
-1.421471,
0.498057,
-0.156568,
-1.245878,
0.381747,
-0.254902,
-1.187348,
0.265438,
-0.372903,
-1.148327,
0.284823,
-0.412237,
-1.206858,
0.304208,
-0.451570,
-1.284899,
0.459287,
-0.353236,
-1.245878,
0.420517,
-0.412237,
-1.323920,
0.381747,
-0.412237,
-1.343430,
0.323593,
-0.510571,
-1.480002,
0.342977,
-0.490904,
-1.558043,
0.207283,
-0.549905,
-1.616574,
-0.005951,
-0.628572,
-1.597064,
-0.122261,
-0.687572,
-1.558043,
0.498057,
-0.254902,
-1.304409,
0.498057,
-0.274569,
-1.577553,
0.633751,
-0.235235,
-1.519023,
0.808215,
-0.235235,
-1.284899,
0.672521,
-0.333569,
-1.401961,
0.730676,
-0.156568,
-1.362940,
0.769446,
-0.117234,
-1.343430,
0.769446,
-0.117234,
-1.343430,
0.730676,
-0.156568,
-1.382451,
0.711291,
-0.156568,
-1.382451,
0.633751,
-0.176235,
-1.284899,
0.614366,
-0.274569,
-1.109306,
0.691906,
-0.235235,
-1.226368,
0.788831,
-0.156568,
-1.480002,
0.808215,
-0.176235,
-1.499512,
0.846985,
-0.195901,
-1.538533,
0.866370,
-0.136901,
-1.460492,
0.653136,
-0.176235,
-1.304409,
0.381747,
-0.235235,
-1.167837,
-0.083491,
-0.530238,
-1.265389,
-0.296725,
-0.648239,
-1.206858,
-0.529344,
-0.884241,
-1.245878,
-0.471189,
-0.903908,
-1.304409,
-0.219185,
-0.746573,
-1.245878,
-0.102876,
-0.726906,
-1.284899,
0.168513,
-0.530238,
-1.148327,
0.342977,
-0.392570,
-1.226368,
0.284823,
-0.471237,
-1.460492,
0.323593,
-0.471237,
-1.538533,
0.265438,
-0.490904,
-1.558043,
0.090974,
-0.549905,
-1.558043,
-0.102876,
-0.667906,
-1.577553,
0.575596,
-0.313902,
-1.440981,
0.575596,
-0.254902,
-1.597064,
0.672521,
-0.274569,
-1.616574,
0.943910,
-0.215568,
-1.362940,
0.808215,
-0.254902,
-1.382451,
0.808215,
-0.117234,
-1.323920,
0.846985,
-0.058233,
-1.284899,
0.846985,
-0.077900,
-1.284899,
0.769446,
-0.156568,
-1.362940,
0.769446,
-0.117234,
-1.343430,
0.808215,
0.000767,
-1.109306,
1.273453,
0.453105,
-0.367915,
1.002065,
0.138435,
-0.758121,
0.614366,
-0.235235,
-1.421471,
0.711291,
-0.156568,
-1.304409,
0.750061,
-0.176235,
-1.167837,
0.633751,
-0.215568,
-1.089796,
0.459287,
-0.235235,
-0.914203,
-0.413034,
-0.844907,
-1.304409,
-0.432419,
-0.707239,
-0.953224,
-0.529344,
-0.648239,
-0.738611,
-0.645653,
-0.648239,
-0.582528,
-0.878272,
-0.943241,
-0.933714,
-0.994582,
-1.179244,
-1.245878,
-0.761963,
-1.041576,
-1.206858,
-0.820118,
-1.198910,
-1.460492,
-0.238570,
-0.746573,
-1.343430,
0.129743,
-0.490904,
-1.323920,
0.284823,
-0.412237,
-1.382451,
0.284823,
-0.431904,
-1.460492,
0.207283,
-0.471237,
-1.460492,
0.032819,
-0.569571,
-1.519023,
0.575596,
-0.313902,
-1.421471,
0.594981,
-0.176235,
-1.284899,
0.691906,
-0.156568,
-1.265389,
0.866370,
-0.176235,
-1.304409,
0.846985,
-0.176235,
-1.382451,
0.730676,
-0.195901,
-1.440981,
0.846985,
-0.058233,
-1.304409,
0.788831,
-0.136901,
-1.362940,
0.750061,
-0.195901,
-1.421471,
0.750061,
-0.136901,
-1.401961,
0.924525,
0.099101,
-1.070286,
2.339624,
1.790450,
0.978295,
1.350993,
0.649773,
-0.133792,
0.498057,
-0.176235,
-1.128817,
0.401132,
-0.235235,
-1.050776,
0.323593,
-0.294236,
-0.836162,
-0.277340,
-0.844907,
-1.245878,
-0.917042,
-1.375912,
-1.616574,
-0.781348,
-1.061242,
-1.128817,
-0.238570,
-0.392570,
-0.309384,
-0.257955,
-0.254902,
-0.055751,
-0.374265,
-0.176235,
0.080821,
-0.548729,
-0.412237,
-0.172812,
-0.626269,
-0.569571,
-0.406936,
-0.994582,
-1.002242,
-0.914203,
-0.800733,
-0.884241,
-0.855673,
-0.781348,
-0.982575,
-1.304409,
-0.393649,
-0.785907,
-1.343430,
0.052204,
-0.530238,
-1.284899,
0.246053,
-0.431904,
-1.323920,
0.149128,
-0.569571,
-1.519023,
0.071589,
-0.589238,
-1.519023,
0.439902,
-0.274569,
-1.167837,
0.149128,
-0.372903,
-0.972734,
0.090974,
-0.451570,
-1.109306,
0.420517,
-0.215568,
-1.187348,
0.691906,
-0.156568,
-1.362940,
0.769446,
-0.195901,
-1.460492,
0.808215,
-0.136901,
-1.421471,
0.808215,
-0.156568,
-1.421471,
0.730676,
-0.235235,
-1.499512,
0.769446,
-0.136901,
-1.460492,
0.730676,
-0.097567,
-1.401961,
1.060219,
0.295770,
-0.563018,
0.614366,
-0.018900,
-0.699590,
0.052204,
-0.412237,
-1.089796,
-0.548729,
-0.943241,
-1.382451,
-1.149661,
-1.434913,
-1.616574,
-1.091506,
-1.277578,
-1.382451,
-1.149661,
-1.316911,
-1.343430,
-0.703808,
-0.785907,
-0.738611,
-0.141646,
-0.195901,
-0.075261,
-0.064106,
-0.038567,
0.119842,
-0.122261,
-0.018900,
0.158863,
-0.219185,
-0.136901,
0.041801,
-0.606884,
-0.530238,
-0.348405,
-0.509959,
-0.451570,
-0.328895,
-0.665038,
-0.628572,
-0.543508,
-1.304741,
-1.277578,
-1.304409,
-1.130276,
-1.277578,
-1.499512,
-0.335495,
-0.766240,
-1.265389,
0.284823,
-0.353236,
-1.089796,
0.246053,
-0.490904,
-1.362940,
0.168513,
-0.549905,
-1.440981,
0.032819,
-0.451570,
-1.109306,
-0.316110,
-0.549905,
-0.660570,
-1.517975,
-1.690581,
-1.889718,
-0.723193,
-0.962908,
-1.675105,
0.536827,
-0.117234,
-1.284899,
0.866370,
-0.097567,
-1.382451,
0.827600,
-0.156568,
-1.440981,
0.866370,
-0.097567,
-1.382451,
0.846985,
-0.117234,
-1.401961,
0.788831,
-0.136901,
-1.499512,
0.750061,
-0.058233,
-1.460492,
0.420517,
-0.313902,
-1.206858,
0.071589,
-0.490904,
-1.070286,
0.032819,
-0.294236,
-0.758121,
-0.490574,
-0.707239,
-0.855673,
-1.110891,
-1.100576,
-1.109306,
-0.917042,
-0.785907,
-0.816652,
-1.033352,
-0.943241,
-0.972734,
-0.820118,
-0.766240,
-0.777631,
0.129743,
0.138435,
0.139352,
0.401132,
0.374437,
0.353966,
-0.025336,
-0.097567,
-0.114282,
-0.393649,
-0.471237,
-0.465467,
-0.354880,
-0.412237,
-0.387426,
-0.199800,
-0.235235,
-0.211833,
-0.781348,
-0.785907,
-0.719101,
-1.207816,
-1.021909,
-0.875183,
-1.537360,
-1.493913,
-1.460492,
-0.897657,
-1.218577,
-1.519023,
0.129743,
-0.490904,
-1.089796,
0.304208,
-0.471237,
-1.284899,
0.168513,
-0.589238,
-1.460492,
0.110358,
-0.156568,
-0.465467,
-0.509959,
-0.530238,
-0.426446,
-1.614899,
-1.572580,
-1.480002,
-1.072122,
-1.159577,
-1.421471,
0.342977,
-0.235235,
-1.128817,
0.808215,
-0.117234,
-1.401961,
0.769446,
-0.176235,
-1.519023,
0.827600,
-0.136901,
-1.460492,
0.885755,
-0.077900,
-1.265389,
0.691906,
-0.195901,
-1.226368,
0.284823,
-0.274569,
-1.226368,
-0.102876,
-0.569571,
-1.265389,
0.090974,
-0.254902,
-0.719101,
0.362362,
0.158102,
-0.133792,
-0.180415,
-0.333569,
-0.406936,
-0.723193,
-0.707239,
-0.680080,
-0.665038,
-0.549905,
-0.504487,
-0.781348,
-0.687572,
-0.621549,
-0.936427,
-0.903908,
-0.875183,
-0.025336,
-0.097567,
-0.133792,
0.730676,
0.590772,
0.510048,
0.207283,
0.020434,
-0.036240,
-0.451804,
-0.589238,
-0.641059,
-0.374265,
-0.490904,
-0.504487,
-0.490574,
-0.589238,
-0.582528,
-0.781348,
-0.825240,
-0.777631,
-1.382280,
-1.238244,
-1.089796,
-1.479205,
-1.375912,
-1.265389,
-1.324126,
-1.493913,
-1.597064,
-0.354880,
-0.785907,
-1.245878,
0.246053,
-0.392570,
-1.226368,
0.207283,
-0.510571,
-1.460492,
0.866370,
0.748107,
0.588089,
-0.432419,
-0.353236,
-0.172812,
-1.382280,
-1.277578,
-1.070286,
-0.025336,
-0.038567,
-0.016730,
0.536827,
0.020434,
-0.621549,
0.691906,
-0.195901,
-1.382451,
0.730676,
-0.117234,
-1.421471,
0.788831,
-0.018900,
-1.245878,
0.769446,
-0.038567,
-0.933714,
0.943910,
0.236769,
-0.367915,
-0.238570,
-0.667906,
-1.070286,
-0.005951,
-0.353236,
-0.699590,
0.614366,
0.354770,
0.139352,
0.594981,
0.394104,
0.275924,
-0.083491,
-0.235235,
-0.250854,
-0.761963,
-0.844907,
-0.777631,
-0.839503,
-0.825240,
-0.719101,
-0.800733,
-0.746573,
-0.621549,
-0.878272,
-0.884241,
-0.797142,
-0.858887,
-1.021909,
-1.031265,
0.246053,
0.040101,
-0.036240,
0.401132,
0.236769,
0.178373,
-0.238570,
-0.392570,
-0.406936,
-0.742578,
-0.864574,
-0.855673,
-0.820118,
-0.903908,
-0.875183,
-0.761963,
-0.805574,
-0.738611,
-1.052737,
-0.982575,
-0.914203,
-1.343511,
-1.297245,
-1.187348,
-1.653669,
-1.729915,
-1.694615,
-0.994582,
-1.257911,
-1.538533,
0.149128,
-0.333569,
-1.070286,
0.226668,
-0.392570,
-1.343430,
1.060219,
1.043110,
0.958785,
0.168513,
0.315437,
0.568579,
-0.606884,
-0.451570,
-0.172812,
0.556212,
0.610439,
0.685641,
0.943910,
0.512105,
-0.036240,
0.633751,
-0.136901,
-1.226368,
0.594981,
-0.136901,
-1.304409,
0.536827,
-0.097567,
-1.050776,
1.583612,
1.121777,
0.627110,
2.165159,
1.790450,
1.641645,
1.583612,
1.121777,
1.017315,
0.594981,
0.158102,
0.100332,
0.943910,
0.590772,
0.607599,
0.439902,
0.158102,
0.217393,
-0.005951,
-0.254902,
-0.133792,
-0.626269,
-0.746573,
-0.680080,
-0.761963,
-0.766240,
-0.680080,
-0.994582,
-0.962908,
-0.836162,
-1.285356,
-1.297245,
-1.187348,
-0.955812,
-1.080909,
-1.089796,
0.226668,
0.040101,
-0.036240,
0.342977,
0.197436,
0.158863,
0.149128,
0.020434,
0.002780,
-0.374265,
-0.490904,
-0.484977,
-0.761963,
-0.825240,
-0.777631,
-0.742578,
-0.746573,
-0.699590,
-0.800733,
-0.746573,
-0.699590,
-0.975197,
-0.923575,
-0.836162,
-1.459820,
-1.454579,
-1.382451,
-1.653669,
-1.828250,
-1.928739,
-0.587499,
-0.943241,
-1.362940,
0.129743,
-0.392570,
-1.109306,
1.118374,
1.180778,
1.192908,
-0.335495,
-0.136901,
0.158863,
0.323593,
0.551439,
0.861233,
0.769446,
0.905442,
1.056336,
1.002065,
0.649773,
0.158863,
0.575596,
-0.215568,
-1.245878,
0.653136,
-0.097567,
-1.226368,
-0.064106,
-0.667906,
-1.304409,
1.699921,
1.456114,
1.270949,
2.165159,
1.987118,
2.187933,
1.835616,
1.338112,
1.446542,
0.750061,
0.236769,
0.334455,
1.118374,
0.708774,
0.802702,
0.594981,
0.276103,
0.353966,
-0.005951,
-0.294236,
-0.192323,
-0.102876,
-0.235235,
-0.192323,
-0.917042,
-0.923575,
-0.875183,
-0.878272,
-0.844907,
-0.719101,
-1.556745,
-1.552914,
-1.440981,
-0.665038,
-0.746573,
-0.719101,
0.963295,
0.826775,
0.783192,
0.614366,
0.472771,
0.451517,
0.575596,
0.472771,
0.471027,
-0.354880,
-0.451570,
-0.426446,
-0.742578,
-0.785907,
-0.719101,
-0.432419,
-0.412237,
-0.348405,
-0.723193,
-0.687572,
-0.680080,
-0.917042,
-0.864574,
-0.797142,
-1.285356,
-1.257911,
-1.070286,
-1.634284,
-1.710248,
-1.577553,
-1.285356,
-1.513580,
-1.616574,
-0.413034,
-0.825240,
-1.323920,
1.215299,
1.338112,
1.466052,
-0.490574,
-0.294236,
0.041801,
0.187898,
0.413771,
0.763682,
0.866370,
1.023443,
1.251439,
1.195914,
0.866108,
0.432007,
0.788831,
-0.058233,
-1.070286,
0.924525,
0.000767,
-1.148327,
0.168513,
-0.589238,
-1.362940,
-0.161031,
-0.549905,
-0.660570,
1.331608,
1.161111,
1.446542,
1.428533,
0.944776,
0.978295,
0.866370,
0.374437,
0.373476,
1.157144,
0.748107,
0.724661,
1.234684,
0.944776,
0.880743,
0.168513,
-0.077900,
-0.153302,
-0.161031,
-0.313902,
-0.367915,
-0.451804,
-0.490904,
-0.484977,
-0.800733,
-0.766240,
-0.680080,
-1.692439,
-1.670915,
-1.558043,
-0.005951,
-0.038567,
-0.016730,
1.641767,
1.534781,
1.524583,
0.672521,
0.571106,
0.549069,
0.401132,
0.315437,
0.314945,
-0.626269,
-0.667906,
-0.621549,
-0.820118,
-0.844907,
-0.758121,
-0.606884,
-0.589238,
-0.504487,
-0.413034,
-0.372903,
-0.387426,
-0.781348,
-0.707239,
-0.641059,
-1.013967,
-0.943241,
-0.699590,
-1.362895,
-1.375912,
-1.148327,
-1.227201,
-1.336578,
-1.284899,
-0.955812,
-1.316911,
-1.714126,
1.234684,
1.397113,
1.563604,
-0.684423,
-0.530238,
-0.172812,
0.032819,
0.217102,
0.588089,
0.963295,
1.121777,
1.388011,
0.943910,
0.649773,
0.373476,
0.788831,
0.000767,
-0.894693,
1.021449,
0.000767,
-1.187348,
0.653136,
-0.274569,
-1.304409,
-0.548729,
-1.080909,
-1.362940,
0.827600,
0.610439,
0.744171,
0.827600,
0.413771,
0.236904,
0.226668,
-0.176235,
-0.387426,
1.176529,
0.846441,
0.666130,
1.758076,
1.554448,
1.348990,
0.672521,
0.512105,
0.295435,
-0.044721,
-0.195901,
-0.309384,
-0.102876,
-0.176235,
-0.172812,
-0.199800,
-0.176235,
-0.094771,
-1.459820,
-1.434913,
-1.304409,
0.478672,
0.472771,
0.510048,
1.331608,
1.259445,
1.251439,
0.575596,
0.512105,
0.510048,
-0.044721,
-0.097567,
-0.055751,
-0.665038,
-0.687572,
-0.602039,
-0.800733,
-0.785907,
-0.680080,
-0.800733,
-0.766240,
-0.660570,
-0.587499,
-0.549905,
-0.563018,
-0.761963,
-0.707239,
-0.641059,
-0.800733,
-0.707239,
-0.484977,
-1.013967,
-0.982575,
-0.797142,
-0.897657,
-0.962908,
-0.972734,
-1.013967,
-1.336578,
-1.753146,
1.234684,
1.357779,
1.544093,
-0.626269,
-0.549905,
-0.211833,
0.517442,
0.610439,
0.958785,
1.157144,
1.279112,
1.524583,
-0.122261,
-0.254902,
-0.309384,
0.207283,
-0.333569,
-0.933714,
0.924525,
0.020434,
-1.089796,
0.808215,
-0.136901,
-1.245878,
-0.432419,
-1.002242,
-1.460492,
0.420517,
0.177769,
0.119842,
0.381747,
0.040101,
-0.211833,
0.808215,
0.512105,
0.256414,
1.234684,
1.003776,
0.802702,
1.951925,
1.829784,
1.680665,
1.060219,
0.964442,
0.841723,
0.304208,
0.158102,
0.061311,
0.013434,
-0.117234,
-0.133792,
-0.161031,
-0.176235,
-0.094771,
-1.052737,
-1.021909,
-0.894693,
0.556212,
0.571106,
0.646620,
1.176529,
1.141444,
1.173398,
0.459287,
0.413771,
0.432007,
-0.219185,
-0.254902,
-0.192323,
-0.742578,
-0.746573,
-0.660570,
-0.878272,
-0.844907,
-0.738611,
-1.033352,
-0.982575,
-0.855673,
-0.878272,
-0.844907,
-0.816652,
-0.509959,
-0.451570,
-0.387426,
-0.490574,
-0.431904,
-0.289874,
-0.684423,
-0.687572,
-0.641059,
-0.548729,
-0.667906,
-0.875183,
-0.606884,
-0.982575,
-1.558043,
1.331608,
1.436447,
1.602624,
-0.335495,
-0.313902,
-0.036240,
0.827600,
0.866108,
1.134377,
1.176529,
1.239778,
1.446542,
-0.393649,
-0.274569,
-0.094771,
-0.509959,
-0.667906,
-0.914203,
0.594981,
-0.077900,
-1.011755,
0.808215,
-0.018900,
-1.148327,
-0.490574,
-0.962908,
-1.558043,
-0.199800,
-0.333569,
-0.504487,
0.246053,
0.000767,
-0.211833,
1.409148,
1.220111,
1.075846,
1.254068,
1.121777,
1.075846,
0.905140,
0.826775,
0.880743,
0.381747,
0.335104,
0.510048,
0.556212,
0.394104,
0.392986,
0.401132,
0.256436,
0.217393,
-0.432419,
-0.451570,
-0.367915,
-1.052737,
-1.021909,
-0.855673,
0.517442,
0.571106,
0.685641,
1.040834,
1.023443,
1.095357,
0.226668,
0.197436,
0.256414,
0.090974,
0.099101,
0.158863,
-0.296725,
-0.274569,
-0.172812,
-0.781348,
-0.726906,
-0.602039,
-0.665038,
-0.589238,
-0.445956,
-0.587499,
-0.530238,
-0.465467,
-0.316110,
-0.254902,
-0.192323,
-0.199800,
-0.136901,
-0.055751,
-0.490574,
-0.530238,
-0.660570,
-0.548729,
-0.746573,
-1.187348,
-0.161031,
-0.549905,
-1.304409,
1.389763,
1.456114,
1.622134,
0.129743,
0.118768,
0.432007,
0.905140,
0.866108,
1.173398,
1.137759,
1.082444,
1.309970,
0.090974,
0.276103,
0.549069,
-0.917042,
-0.785907,
-0.719101,
0.284823,
-0.058233,
-0.504487,
0.575596,
0.040101,
-0.719101,
-0.199800,
-0.569571,
-1.206858,
0.090974,
-0.058233,
-0.406936,
0.342977,
0.158102,
0.041801,
2.029465,
1.928118,
1.895278,
2.262084,
2.223120,
2.265974,
0.381747,
0.295770,
0.451517,
0.187898,
0.138435,
0.314945,
0.110358,
-0.038567,
-0.036240,
-0.083491,
-0.215568,
-0.250854,
-0.335495,
-0.372903,
-0.367915,
-0.587499,
-0.687572,
-0.758121,
0.362362,
0.217102,
0.080821,
0.827600,
0.708774,
0.627110,
0.517442,
0.472771,
0.471027,
-0.257955,
-0.294236,
-0.250854,
-0.742578,
-0.746573,
-0.660570,
-1.052737,
-1.002242,
-0.894693,
-0.742578,
-0.687572,
-0.523998,
-0.393649,
-0.372903,
-0.289874,
-0.257955,
-0.274569,
-0.289874,
-0.102876,
-0.254902,
-0.406936,
-0.432419,
-0.726906,
-1.167837,
-0.083491,
-0.530238,
-1.284899,
0.207283,
-0.372903,
-1.284899,
1.506072,
1.574115,
1.758706,
0.401132,
0.453105,
0.900254,
0.827600,
0.807108,
1.251439,
1.273453,
1.161111,
1.446542,
0.827600,
0.925109,
1.134377,
-0.917042,
-0.726906,
-0.465467,
0.013434,
0.040101,
0.236904,
0.246053,
0.059768,
-0.016730,
0.246053,
-0.038567,
-0.621549,
-0.568114,
-0.844907,
-1.499512,
0.556212,
0.394104,
0.373476,
0.924525,
0.787441,
0.802702,
0.711291,
0.571106,
0.529558,
0.284823,
0.177769,
0.061311,
-0.238570,
-0.333569,
-0.504487,
-0.238570,
-0.333569,
-0.465467,
-0.471189,
-0.431904,
-0.426446,
-0.393649,
-0.431904,
-0.523998,
-0.257955,
-0.648239,
-1.089796,
0.885755,
0.394104,
-0.192323,
0.594981,
0.295770,
-0.094771,
0.439902,
0.354770,
0.236904,
0.187898,
0.138435,
0.080821,
-0.316110,
-0.353236,
-0.328895,
-0.917042,
-0.923575,
-0.816652,
-0.897657,
-0.864574,
-0.719101,
-0.606884,
-0.589238,
-0.387426,
-0.471189,
-0.628572,
-0.621549,
-0.354880,
-0.785907,
-1.148327,
-0.005951,
-0.687572,
-1.343430,
0.498057,
-0.294236,
-1.148327,
0.362362,
-0.372903,
-1.323920,
1.719306,
1.810117,
1.973320,
0.730676,
0.846441,
1.290460,
0.750061,
0.866108,
1.368501,
1.118374,
1.200445,
1.563604,
0.982680,
1.161111,
1.407521,
-0.606884,
-0.412237,
-0.172812,
-0.568114,
-0.530238,
-0.231343,
0.594981,
0.512105,
0.607599,
0.439902,
0.276103,
-0.055751,
-0.374265,
-0.589238,
-1.031265,
0.071589,
-0.136901,
-0.172812,
-0.141646,
-0.353236,
-0.367915,
-0.219185,
-0.412237,
-0.484977,
-0.180415,
-0.353236,
-0.484977,
-0.451804,
-0.628572,
-0.797142,
-0.199800,
-0.254902,
-0.309384,
-0.761963,
-0.628572,
-0.504487,
-0.471189,
-0.392570,
-0.367915,
0.362362,
0.099101,
-0.231343,
-0.141646,
-0.530238,
-0.972734,
-1.110891,
-1.316911,
-1.597064,
0.052204,
-0.058233,
-0.172812,
0.149128,
0.059768,
0.022291,
-0.975197,
-1.061242,
-1.031265,
-1.265971,
-1.316911,
-1.226368,
-1.304741,
-1.316911,
-1.187348,
-1.052737,
-1.041576,
-0.953224,
-0.451804,
-0.589238,
-0.699590,
-0.180415,
-0.569571,
-0.972734,
0.342977,
-0.215568,
-0.894693,
0.478672,
-0.136901,
-0.972734,
0.284823,
-0.254902,
-1.167837,
1.680537,
1.731449,
1.778217,
1.021449,
1.200445,
1.524583,
0.808215,
1.023443,
1.466052,
0.924525,
1.141444,
1.544093,
0.982680,
1.200445,
1.446542,
-0.025336,
0.158102,
0.373476,
-0.761963,
-0.687572,
-0.348405,
0.304208,
0.315437,
0.568579,
0.536827,
0.492438,
0.529558,
0.187898,
0.099101,
-0.055751,
-0.413034,
-0.648239,
-0.660570,
-0.936427,
-1.159577,
-1.148327,
0.168513,
-0.038567,
-0.114282,
-0.025336,
-0.235235,
-0.348405,
0.071589,
-0.117234,
-0.270364,
0.420517,
0.394104,
0.373476,
-0.781348,
-0.608905,
-0.406936,
-0.645653,
-0.530238,
-0.406936,
0.478672,
0.315437,
0.119842,
0.129743,
-0.117234,
-0.406936,
-0.161031,
-0.274569,
-0.426446,
-0.354880,
-0.471237,
-0.543508,
-0.975197,
-1.080909,
-1.089796,
-1.188431,
-1.257911,
-1.206858,
-1.576130,
-1.611914,
-1.460492,
-1.169046,
-1.198910,
-1.050776,
-0.761963,
-1.061242,
-1.440981,
0.149128,
-0.353236,
-1.070286,
0.575596,
-0.077900,
-1.011755,
0.672521,
-0.058233,
-1.167837,
0.556212,
-0.156568,
-1.343430,
0.498057,
-0.235235,
-1.323920,
1.428533,
1.357779,
1.290460,
1.195914,
1.298779,
1.427032,
0.885755,
1.043110,
1.309970,
0.943910,
1.102110,
1.388011,
1.002065,
1.161111,
1.368501,
0.362362,
0.512105,
0.744171,
-0.761963,
-0.648239,
-0.289874,
-0.122261,
-0.038567,
0.353966,
-0.064106,
0.020434,
0.314945,
0.226668,
0.256436,
0.412496,
0.362362,
0.217102,
0.236904,
-1.072122,
-1.257911,
-1.226368,
0.071589,
-0.097567,
-0.114282,
-0.335495,
-0.510571,
-0.543508,
0.381747,
0.217102,
0.178373,
1.137759,
1.043110,
1.056336,
-0.180415,
-0.097567,
0.080821,
-1.013967,
-0.943241,
-0.797142,
0.110358,
-0.077900,
-0.211833,
0.226668,
0.020434,
-0.172812,
0.168513,
0.118768,
0.080821,
-0.703808,
-0.726906,
-0.699590,
-1.440435,
-1.454579,
-1.362940,
-1.421050,
-1.415246,
-1.245878,
-1.517975,
-1.454579,
-1.206858,
-0.684423,
-0.648239,
-0.406936,
-0.083491,
-0.628572,
-1.050776,
0.730676,
-0.097567,
-0.894693,
0.885755,
-0.038567,
-0.972734,
0.750061,
-0.195901,
-1.206858,
0.633751,
-0.235235,
-1.245878,
0.459287,
-0.313902,
-1.323920,
0.769446,
0.649773,
0.627110,
1.350993,
1.377446,
1.427032,
1.040834,
1.082444,
1.192908,
1.002065,
0.984109,
1.134377,
1.079604,
1.141444,
1.290460,
0.517442,
0.669440,
0.900254,
-0.509959,
-0.392570,
-0.055751,
0.110358,
0.236769,
0.627110,
0.885755,
1.023443,
1.388011,
-0.432419,
-0.353236,
-0.055751,
-0.626269,
-0.648239,
-0.523998,
-0.878272,
-0.903908,
-0.797142,
-0.626269,
-0.648239,
-0.543508,
-0.064106,
-0.097567,
0.041801,
1.021449,
0.984109,
1.153888,
1.273453,
1.161111,
1.231929,
0.478672,
0.492438,
0.666130,
-0.490574,
-0.451570,
-0.250854,
-0.703808,
-0.884241,
-0.933714,
-0.742578,
-0.903908,
-0.992245,
-1.265971,
-1.218577,
-1.109306,
-1.537360,
-1.395579,
-1.167837,
-1.692439,
-1.513580,
-1.226368,
-1.963828,
-1.769249,
-1.421471,
-1.537360,
-1.297245,
-0.875183,
-1.265971,
-1.021909,
-0.602039,
-0.335495,
-0.451570,
-0.758121,
0.362362,
0.040101,
-0.621549,
0.362362,
0.000767,
-0.738611,
0.052204,
-0.274569,
-1.031265,
0.032819,
-0.195901,
-0.875183,
-0.102876,
-0.353236,
-0.992245,
-0.161031,
-0.058233,
0.197883,
1.350993,
1.515114,
1.680665,
1.002065,
1.082444,
1.212418,
1.021449,
0.905442,
1.056336,
1.079604,
1.102110,
1.270949,
0.246053,
0.413771,
0.646620,
-0.820118,
-0.707239,
-0.445956,
0.478672,
0.590772,
0.880743,
2.320239,
2.439456,
2.656180,
1.816231,
1.947785,
2.168422,
0.149128,
0.335104,
0.588089,
0.168513,
0.354770,
0.646620,
0.459287,
0.649773,
0.978295,
0.982680,
1.161111,
1.524583,
1.254068,
1.436447,
1.836748,
1.331608,
1.357779,
1.622134,
0.827600,
0.964442,
1.309970,
-0.005951,
0.197436,
0.568579,
-0.296725,
-0.274569,
-0.094771,
-1.246586,
-1.198910,
-1.011755,
-1.750594,
-1.454579,
-1.089796,
-1.769979,
-1.356245,
-0.894693,
-1.479205,
-1.041576,
-0.523998,
-1.304741,
-0.825240,
-0.231343,
-1.246586,
-0.746573,
-0.075261,
-1.304741,
-0.766240,
-0.055751,
-1.091506,
-0.471237,
0.158863,
-1.033352,
-0.431904,
0.100332,
-0.917042,
-0.372903,
0.119842,
-1.091506,
-0.530238,
-0.036240,
-1.285356,
-0.608905,
-0.036240,
-1.362895,
-0.648239,
0.022291,
-0.897657,
-0.353236,
0.373476,
0.963295,
1.456114,
1.934299,
0.943910,
1.180778,
1.524583,
0.982680,
0.964442,
1.231929,
1.002065,
1.062777,
1.329480,
0.284823,
0.453105,
0.705151,
-0.316110,
-0.215568,
-0.016730,
1.661152,
1.731449,
1.856258,
2.475318,
2.537790,
2.597649,
2.455933,
2.557457,
2.695200,
1.602997,
1.987118,
2.304995,
-0.025336,
0.394104,
0.841723,
-0.219185,
0.177769,
0.685641,
-0.025336,
0.354770,
0.939274,
-0.180415,
0.197436,
0.822213,
-0.064106,
0.197436,
0.744171,
-0.413034,
0.020434,
0.666130,
-1.110891,
-0.589238,
0.100332,
-1.110891,
-0.707239,
-0.192323,
-1.265971,
-0.805574,
-0.250854,
-1.421050,
-0.766240,
-0.055751,
-1.459820,
-0.766240,
-0.075261,
-1.440435,
-0.746573,
0.022291,
-1.343511,
-0.589238,
0.217393,
-1.343511,
-0.569571,
0.334455,
-1.440435,
-0.628572,
0.314945,
-1.595514,
-0.530238,
0.412496,
-1.440435,
-0.372903,
0.529558,
-1.285356,
-0.294236,
0.549069,
-1.498590,
-0.510571,
0.353966,
-1.595514,
-0.510571,
0.451517,
-1.614899,
-0.549905,
0.353966,
-1.634284,
-0.667906,
0.412496,
-0.568114,
0.276103,
1.056336,
0.362362,
0.885775,
1.446542,
0.827600,
1.003776,
1.446542,
1.021449,
1.161111,
1.524583,
0.769446,
0.925109,
1.173398,
0.769446,
0.846441,
0.978295,
2.339624,
2.400122,
2.402546,
2.475318,
2.518123,
2.480587,
1.971310,
2.124786,
2.226954,
-0.296725,
0.256436,
0.763682,
-1.265971,
-0.687572,
-0.055751,
-1.401665,
-0.844907,
-0.172812,
-1.479205,
-0.923575,
-0.172812,
-1.479205,
-0.943241,
-0.133792,
-1.498590,
-1.002242,
-0.250854,
-1.556745,
-0.864574,
0.022291,
-1.614899,
-0.825240,
0.119842,
-1.537360,
-0.825240,
-0.016730,
-1.614899,
-0.805574,
0.041801,
-1.692439,
-0.726906,
0.217393,
-1.537360,
-0.648239,
0.217393,
-1.537360,
-0.667906,
0.236904,
-1.595514,
-0.707239,
0.275924,
-1.614899,
-0.667906,
0.353966,
-1.537360,
-0.589238,
0.490538,
-1.537360,
-0.569571,
0.451517,
-1.459820,
-0.530238,
0.451517,
-1.362895,
-0.530238,
0.412496,
-1.401665,
-0.569571,
0.392986,
-1.440435,
-0.549905,
0.490538,
-1.556745,
-0.648239,
0.373476,
-1.866903,
-0.628572,
0.529558,
-1.866903,
-0.707239,
0.314945,
-1.285356,
-0.412237,
0.392986,
0.110358,
0.590772,
1.212418,
0.788831,
1.102110,
1.505073,
0.129743,
0.256436,
0.451517,
1.331608,
1.298779,
1.309970,
2.494703,
2.498456,
2.500098,
2.242699,
2.400122,
2.558628,
0.304208,
0.708774,
1.192908,
-1.246586,
-0.569571,
0.256414,
-1.459820,
-0.766240,
0.080821,
-1.459820,
-0.766240,
0.100332,
-1.440435,
-0.746573,
0.139352,
-1.479205,
-0.785907,
0.119842,
-1.459820,
-0.766240,
0.041801,
-1.517975,
-0.726906,
0.061311,
-1.614899,
-0.766240,
0.061311,
-1.673054,
-0.805574,
0.022291,
-1.769979,
-0.864574,
-0.016730,
-1.750594,
-0.785907,
0.119842,
-1.673054,
-0.726906,
0.217393,
-1.692439,
-0.746573,
0.217393,
-1.614899,
-0.667906,
0.314945,
-1.556745,
-0.608905,
0.392986,
-1.343511,
-0.392570,
0.607599,
-1.227201,
-0.392570,
0.549069,
-1.285356,
-0.431904,
0.549069,
-1.343511,
-0.412237,
0.627110,
-1.459820,
-0.471237,
0.588089,
-1.537360,
-0.569571,
0.510048,
-1.440435,
-0.392570,
0.685641,
-1.498590,
-0.235235,
0.939274,
-1.847518,
-0.569571,
0.510048,
-1.769979,
-0.746573,
0.197883,
-1.013967,
-0.333569,
0.432007,
0.052204,
0.492438,
1.036826,
0.052204,
0.256436,
0.568579,
1.738691,
1.770783,
1.856258,
2.514088,
2.557457,
2.636670,
1.195914,
1.475780,
1.778217,
-1.149661,
-0.589238,
0.080821,
-1.382280,
-0.628572,
0.275924,
-1.459820,
-0.687572,
0.217393,
-1.421050,
-0.648239,
0.256414,
-1.421050,
-0.648239,
0.256414,
-1.537360,
-0.785907,
0.139352,
-1.556745,
-0.805574,
0.022291,
-1.595514,
-0.805574,
-0.016730,
-1.634284,
-0.825240,
-0.036240,
-1.731209,
-0.844907,
-0.016730,
-1.673054,
-0.785907,
0.061311,
-1.653669,
-0.726906,
0.178373,
-1.653669,
-0.667906,
0.334455,
-1.595514,
-0.608905,
0.392986,
-1.537360,
-0.549905,
0.471027,
-1.285356,
-0.294236,
0.705151,
-1.227201,
-0.254902,
0.744171,
-1.188431,
-0.274569,
0.646620,
-1.285356,
-0.294236,
0.685641,
-1.382280,
-0.294236,
0.783192,
-1.459820,
-0.353236,
0.744171,
-1.072122,
0.000767,
1.036826,
-0.820118,
0.276103,
1.329480,
-1.421050,
-0.176235,
0.997805,
-1.750594,
-0.471237,
0.646620,
-1.828133,
-0.726906,
0.314945,
-1.634284,
-0.785907,
0.158863,
-1.149661,
-0.549905,
0.236904,
0.052204,
0.433438,
0.978295,
1.913156,
2.085453,
2.344015,
2.223314,
2.400122,
2.597649,
-0.025336,
0.394104,
0.763682,
-1.304741,
-0.608905,
0.002780,
-1.479205,
-0.707239,
0.178373,
-1.343511,
-0.569571,
0.334455,
-1.382280,
-0.608905,
0.295435,
-1.576130,
-0.805574,
0.100332,
-1.576130,
-0.805574,
0.100332,
-1.517975,
-0.785907,
0.100332,
-1.537360,
-0.766240,
0.100332,
-1.595514,
-0.785907,
0.100332,
-1.595514,
-0.726906,
0.178373,
-1.576130,
-0.687572,
0.256414,
-1.576130,
-0.648239,
0.334455,
-1.556745,
-0.510571,
0.529558,
-1.382280,
-0.333569,
0.705151,
-1.304741,
-0.254902,
0.783192,
-1.382280,
-0.353236,
0.705151,
-1.537360,
-0.510571,
0.529558,
-1.595514,
-0.549905,
0.510048,
-1.731209,
-0.628572,
0.471027,
-1.440435,
-0.294236,
0.861233,
-1.013967,
0.138435,
1.251439,
-0.781348,
0.295770,
1.329480,
-0.955812,
0.040101,
1.075846,
-1.459820,
-0.254902,
0.939274,
-1.750594,
-0.490904,
0.685641,
-1.866903,
-0.667906,
0.471027,
-1.750594,
-0.726906,
0.373476,
-1.576130,
-0.785907,
0.236904,
-0.917042,
-0.333569,
0.471027,
1.486687,
1.888784,
2.324505,
1.661152,
2.065786,
2.344015,
-0.548729,
0.059768,
0.510048,
-1.169046,
-0.372903,
0.236904,
-1.382280,
-0.569571,
0.295435,
-1.498590,
-0.707239,
0.197883,
-1.304741,
-0.510571,
0.373476,
-1.498590,
-0.707239,
0.178373,
-1.653669,
-0.844907,
0.041801,
-1.556745,
-0.805574,
0.100332,
-1.517975,
-0.766240,
0.158863,
-1.498590,
-0.707239,
0.236904,
-1.517975,
-0.667906,
0.314945,
-1.537360,
-0.667906,
0.353966,
-1.440435,
-0.510571,
0.510048,
-1.673054,
-0.608905,
0.471027,
-1.673054,
-0.589238,
0.490538,
-1.498590,
-0.412237,
0.666130,
-1.517975,
-0.431904,
0.646620,
-1.673054,
-0.589238,
0.490538,
-1.886288,
-0.746573,
0.373476,
-1.653669,
-0.431904,
0.763682,
-1.130276,
0.118768,
1.329480,
-1.130276,
0.059768,
1.212418,
-1.537360,
-0.490904,
0.549069,
-1.440435,
-0.530238,
0.490538,
-1.459820,
-0.294236,
0.919764,
-1.750594,
-0.510571,
0.646620,
-1.808748,
-0.608905,
0.568579,
-1.789364,
-0.687572,
0.529558,
-1.634284,
-0.687572,
0.471027,
-1.537360,
-0.766240,
0.217393,
-0.413034,
0.197436,
0.880743,
0.866370,
1.456114,
1.895278,
-1.188431,
-0.451570,
0.100332,
-1.382280,
-0.510571,
0.139352,
-1.421050,
-0.569571,
0.275924,
-1.401665,
-0.549905,
0.314945,
-1.246586,
-0.392570,
0.490538,
-1.304741,
-0.451570,
0.412496,
-1.382280,
-0.530238,
0.334455,
-1.556745,
-0.785907,
0.119842,
-1.614899,
-0.864574,
0.080821,
-1.634284,
-0.844907,
0.119842,
-1.537360,
-0.687572,
0.314945,
-1.479205,
-0.608905,
0.412496,
-1.537360,
-0.608905,
0.432007,
-1.614899,
-0.549905,
0.490538,
-1.653669,
-0.589238,
0.471027,
-1.673054,
-0.608905,
0.432007,
-1.711824,
-0.648239,
0.412496,
-1.653669,
-0.589238,
0.471027,
-1.576130,
-0.412237,
0.724661,
-1.207816,
0.040101,
1.251439,
-1.517975,
-0.254902,
0.978295,
-1.828133,
-0.648239,
0.510048,
-2.138292,
-1.238244,
-0.211833,
-1.440435,
-0.589238,
0.432007,
-1.110891,
0.020434,
1.231929,
-1.614899,
-0.451570,
0.666130,
-1.828133,
-0.687572,
0.451517,
-1.692439,
-0.628572,
0.627110,
-1.711824,
-0.707239,
0.490538,
-1.595514,
-0.667906,
0.353966,
-1.614899,
-0.864574,
-0.016730,
-1.052737,
-0.313902,
0.373476,
-1.479205,
-0.667906,
0.002780,
-1.828133,
-0.903908,
-0.172812,
-1.905673,
-1.021909,
-0.172812,
-1.692439,
-0.805574,
0.061311,
-1.479205,
-0.589238,
0.275924,
-1.343511,
-0.451570,
0.412496,
-1.304741,
-0.412237,
0.451517,
-1.401665,
-0.608905,
0.275924,
-1.343511,
-0.569571,
0.334455,
-1.265971,
-0.471237,
0.451517,
-1.324126,
-0.471237,
0.490538,
-1.401665,
-0.510571,
0.471027,
-1.459820,
-0.549905,
0.451517,
-1.556745,
-0.569571,
0.432007,
-1.673054,
-0.687572,
0.334455,
-1.789364,
-0.785907,
0.217393,
-1.614899,
-0.628572,
0.373476,
-1.227201,
-0.215568,
0.783192,
-0.897657,
0.177769,
1.270949,
-1.013967,
0.158102,
1.309970,
-1.343511,
-0.136901,
1.056336,
-1.692439,
-0.510571,
0.627110,
-2.177062,
-1.159577,
-0.114282,
-1.653669,
-0.746573,
0.256414,
-1.246586,
-0.136901,
1.056336,
-1.479205,
-0.412237,
0.666130,
-1.750594,
-0.746573,
0.353966,
-1.595514,
-0.628572,
0.568579,
-1.673054,
-0.648239,
0.490538,
-1.614899,
-0.608905,
0.392986,
-1.576130,
-0.687572,
0.217393,
-1.653669,
-0.825240,
-0.036240,
-1.614899,
-0.746573,
0.022291,
-1.905673,
-1.002242,
-0.192323,
-1.983213,
-1.100576,
-0.231343,
-1.847518,
-0.962908,
-0.094771,
-1.905673,
-1.021909,
-0.153302,
-1.866903,
-0.982575,
-0.114282,
-1.731209,
-0.844907,
0.022291,
-1.517975,
-0.726906,
0.119842,
-1.343511,
-0.549905,
0.275924,
-1.227201,
-0.431904,
0.412496,
-1.149661,
-0.274569,
0.588089,
-0.975197,
-0.077900,
0.822213,
-1.091506,
-0.195901,
0.744171,
-1.479205,
-0.549905,
0.392986,
-1.595514,
-0.687572,
0.256414,
-1.595514,
-0.687572,
0.256414,
-1.265971,
-0.353236,
0.588089,
-0.781348,
0.138435,
1.095357,
-0.316110,
0.649773,
1.622134,
-0.626269,
0.433438,
1.485562,
-1.265971,
-0.156568,
0.978295,
-1.925058,
-0.805574,
0.314945,
-1.866903,
-0.805574,
0.236904,
-2.041368,
-1.159577,
-0.133792,
-1.382280,
-0.313902,
0.900254,
-1.343511,
-0.353236,
0.685641,
-1.556745,
-0.667906,
0.353966,
-1.595514,
-0.726906,
0.392986,
-1.653669,
-0.667906,
0.392986,
-1.653669,
-0.608905,
0.353966,
-1.653669,
-0.707239,
0.178373,
-1.692439,
-0.825240,
0.022291,
-1.731209,
-0.864574,
0.002780,
-1.925058,
-1.061242,
-0.172812,
-2.002598,
-1.120243,
-0.250854,
-1.866903,
-0.982575,
-0.114282,
-1.944443,
-1.061242,
-0.192323,
-1.866903,
-0.982575,
-0.114282,
-2.060752,
-1.179244,
-0.309384,
-2.080137,
-1.277578,
-0.484977,
-1.808748,
-1.041576,
-0.270364,
-1.517975,
-0.707239,
0.080821,
-1.246586,
-0.372903,
0.451517,
-0.994582,
-0.077900,
0.744171,
-1.149661,
-0.235235,
0.607599,
-1.401665,
-0.530238,
0.334455,
-1.421050,
-0.549905,
0.314945,
-1.556745,
-0.707239,
0.178373,
-1.130276,
-0.274569,
0.607599,
-0.703808,
0.158102,
1.036826,
-0.393649,
0.453105,
1.329480,
-0.703808,
0.236769,
1.192908,
-1.498590,
-0.471237,
0.607599,
-1.963828,
-0.903908,
0.197883,
-1.769979,
-0.766240,
0.295435,
-2.021983,
-1.100576,
-0.075261,
