-35.2683982849,
-0.0720271841,
-0.3784368634,
-0.1766276658,
2.8433825970,
12.2424240112,
3.6471307278,
2.7181665897,
1.4284970760,
0.7219687104,
-1.1357469559,
-5.0331959724,
3.2700271606,
-19.6795692444,
30.8097858429,
9.0791606903,
7.7152419090,
41.4881896973,
-0.2361291051,
-29.1543312073,
-0.4387213886,
-0.3483469188,
-2.8659670353,
2.1614458561,
0.7493544221,
0.0476477779,
-8.5141944885,
-0.5819550753,
-0.2860436141,
0.3570375144,
1.6141793728,
15.8292312622,
-0.5476308465,
4.1022806168,
-0.8907876015,
0.6893972754,
3.7953412533,
1.6605213881,
-0.4268701077,
0.4163790047,
-1.2518008947,
-0.4455190599,
8.3387784958,
0.6566073895,
-45.6075668335,
35.4799308777,
1.0840320587,
-0.0158269610,
0.2972726226,
0.9328339100,
0.1108742431,
-9.5956525803,
13.8868980408,
0.1691847444,
2.2982032299,
1.1777194738,
9.9869937897,
-0.3213760257,
3.1680428982,
-0.4524467289,
26.8442249298,
1.5554779768,
6.0383682251,
-1.3630186319,
-12.3595895767,
-2.4434931278,
-24.2515850067,
1.9301552773,
-3.7996590137,
-5.7669911385,
-0.2200998068,
-0.6826914549,
-16.5574226379,
-2.0432994366,
0.6196782589,
2.0422847271,
-0.4876830280,
-0.7465588450,
0.5696312785,
2.5880630016,
0.4689777792,
51.6036643982,
-0.6504651904,
-4.3762083054,
-0.1325914860,
0.5190340877,
2.9503564835,
20.5814361572,
1.0044295788,
-1.0157433748,
-10.8322944641,
3.7247138023,
1.3565950394,
3.5243201256,
-0.6118025780,
3.0113477707,
5.5609974861,
-7.5069003105,
0.2303690910,
-0.4654414058,
-1.7006012201,
-0.7150948644,
5.1542205811,
0.8613249063,
-6.6056222916,
-58.9609985352,
18.0523281097,
-0.5181179047,
-3.3026773930,
-0.7753401399,
2.4393954277,
4.4158511162,
1.7046486139,
1.2753508091,
3.0908491611,
4.7721438408,
6.5249571800,
3.3922007084,
1.8264614344,
1.4930397272,
-14.1597728729,
-0.4063549936,
0.8064560890,
23.4136180878,
-0.2555337846,
10.9338035583,
7.0786023140,
2.9818453789,
