59,
59,
59,
59,
59,
59,
59,
59,
59,
59,
59,
59,
59,
59,
59,
59,
59,
59,
59,
59,
59,
59,
59,
59,
59,
59,
59,
59,
59,
59,
59,
59,
59,
59,
59,
59,
59,
59,
59,
59,
59,
59,
59,
59,
59,
59,
59,
59,
59,
59,
59,
59,
59,
59,
59,
59,
59,
59,
59,
59,
59,
59,
59,
59,
59,
59,
59,
59,
59,
59,
59,
59,
59,
59,
59,
59,
59,
59,
59,
59,
59,
59,
59,
59,
59,
59,
59,
59,
59,
59,
59,
59,
59,
59,
59,
59,
59,
59,
59,
59,
59,
59,
59,
59,
59,
59,
59,
59,
59,
59,
59,
59,
59,
59,
59,
59,
59,
59,
59,
59,
59,
59,
59,
59,
59,
59,
59,
59,
59,
59,
59,
59,
59,
59,
59,
59,
59,
59,
59,
59,
59,
59,
59,
59,
59,
59,
59,
59,
59,
59,
59,
59,
59,
59,
59,
59,
59,
59,
59,
59,
59,
59,
59,
59,
59,
59,
59,
59,
59,
59,
59,
59,
59,
59,
59,
59,
59,
59,
59,
59,
59,
59,
59,
59,
59,
59,
59,
59,
59,
59,
59,
59,
59,
59,
59,
59,
59,
59,
59,
59,
59,
59,
59,
59,
59,
59,
59,
59,
59,
59,
59,
59,
59,
59,
59,
59,
59,
59,
59,
59,
59,
59,
59,
59,
59,
59,
59,
59,
59,
59,
20,
2,
28,
57,
57,
2,
121,
38,
59,
59,
59,
59,
59,
59,
59,
59,
59,
59,
59,
59,
59,
59,
59,
59,
59,
59,
59,
59,
59,
59,
59,
59,
124,
35,
118,
30,
119,
122,
53,
84,
59,
59,
59,
59,
59,
59,
59,
59,
59,
59,
59,
59,
59,
59,
59,
59,
59,
59,
59,
59,
59,
59,
59,
59,
25,
54,
7,
7,
7,
79,
110,
23,
112,
112,
112,
112,
112,
112,
112,
112,
37,
92,
53,
21,
59,
59,
59,
59,
59,
59,
59,
59,
59,
59,
59,
59,
84,
55,
37,
92,
61,
67,
110,
7,
7,
110,
7,
7,
7,
7,
79,
79,
7,
79,
55,
3,
59,
59,
59,
59,
59,
59,
59,
59,
59,
59,
59,
59,
2,
47,
98,
25,
53,
39,
24,
55,
8,
88,
61,
61,
61,
61,
113,
30,
4,
4,
113,
84,
59,
59,
59,
59,
59,
59,
59,
59,
59,
59,
59,
59,
59,
59,
59,
59,
59,
59,
121,
70,
47,
57,
25,
25,
25,
25,
25,
88,
4,
79,
74,
28,
59,
59,
59,
59,
59,
59,
59,
59,
59,
59,
59,
59,
59,
59,
59,
59,
59,
59,
59,
59,
59,
59,
59,
59,
59,
121,
29,
118,
7,
112,
84,
38,
59,
59,
59,
59,
59,
59,
59,
59,
59,
59,
59,
59,
59,
59,
59,
59,
59,
59,
59,
59,
59,
59,
59,
59,
59,
84,
113,
4,
79,
85,
2,
59,
59,
59,
59,
59,
59,
59,
59,
59,
59,
59,
59,
59,
59,
59,
59,
59,
59,
59,
59,
59,
59,
59,
59,
59,
121,
74,
75,
4,
23,
25,
121,
59,
59,
59,
59,
59,
59,
59,
59,
59,
59,
59,
59,
59,
59,
59,
59,
59,
59,
59,
59,
59,
59,
59,
59,
59,
25,
112,
4,
23,
29,
121,
59,
59,
59,
59,
59,
59,
59,
59,
59,
59,
59,
59,
59,
59,
59,
59,
59,
59,
59,
59,
59,
59,
59,
59,
59,
59,
43,
23,
7,
119,
28,
59,
59,
59,
59,
59,
59,
59,
59,
59,
59,
59,
59,
59,
59,
59,
59,
59,
59,
59,
59,
59,
59,
59,
59,
59,
59,
2,
113,
79,
75,
80,
20,
59,
59,
59,
59,
59,
59,
59,
59,
59,
59,
59,
59,
59,
59,
59,
59,
59,
59,
59,
59,
59,
59,
59,
59,
59,
59,
29,
75,
79,
113,
70,
59,
59,
59,
59,
59,
59,
59,
59,
59,
59,
59,
59,
59,
59,
59,
59,
59,
59,
59,
59,
59,
59,
59,
59,
59,
38,
47,
30,
79,
75,
85,
59,
59,
59,
59,
59,
59,
59,
59,
59,
59,
59,
59,
59,
59,
59,
59,
59,
59,
59,
59,
59,
59,
59,
59,
59,
20,
28,
46,
79,
79,
55,
84,
59,
59,
59,
59,
59,
59,
59,
59,
59,
59,
59,
59,
59,
59,
59,
59,
59,
59,
59,
59,
59,
59,
59,
59,
59,
28,
39,
110,
4,
67,
39,
59,
59,
59,
59,
59,
59,
59,
59,
59,
59,
59,
59,
59,
59,
59,
59,
59,
59,
59,
59,
59,
59,
59,
59,
59,
38,
50,
110,
86,
79,
24,
124,
59,
59,
59,
59,
59,
59,
59,
59,
59,
59,
59,
59,
59,
59,
59,
59,
59,
59,
59,
59,
59,
59,
59,
59,
59,
28,
78,
86,
127,
55,
1,
20,
59,
59,
59,
59,
59,
59,
59,
59,
59,
59,
59,
59,
59,
59,
59,
59,
59,
59,
59,
59,
59,
59,
59,
59,
28,
78,
54,
4,
61,
25,
2,
59,
59,
59,
59,
59,
59,
59,
59,
59,
59,
59,
59,
59,
59,
59,
59,
59,
59,
59,
59,
59,
59,
59,
59,
59,
53,
61,
4,
4,
43,
124,
59,
59,
59,
59,
59,
59,
59,
59,
59,
59,
59,
59,
59,
59,
59,
59,
59,
59,
59,
59,
59,
59,
59,
59,
59,
3,
49,
110,
127,
4,
39,
57,
59,
59,
59,
59,
59,
59,
59,
59,
59,
59,
59,
59,
59,
59,
59,
59,
59,
59,
59,
59,
59,
59,
59,
59,
59,
98,
37,
86,
86,
79,
29,
57,
59,
59,
59,
59,
59,
59,
59,
59,
59,
59,
59,
59,
59,
59,
59,
59,
59,
59,
59,
59,
59,
59,
59,
59,
59,
80,
67,
86,
79,
61,
25,
2,
59,
59,
59,
59,
59,
59,
59,
59,
59,
59,
59,
59,
59,
59,
59,
59,
59,
59,
59,
59,
59,
59,
59,
59,
59,
48,
119,
23,
8,
124,
20,
59,
59,
59,
59,
59,
59,
59,
59,
59,
59,
59,
59,
59,
59,
59,
59,
59,
59,
59,
59,
59,
59,
59,
59,
59,
59,
59,
59,
59,
59,
59,
59,
59,
59,
59,
59,
59,
59,
59,
59,
59,
59,
59,
59,
59,
59,
59,
