0, 246, 0, 253, 0, 0, 246, 0, 246, 246
1, 44, 1, 431, 1, 1, 44, 1, 44, 44
2, 67, 2, 434, 2, 2, 67, 2, 67, 67
3, 275, 3, 209, 3, 3, 275, 3, 275, 275
4, 417, 101, 119, 463, 463, 63, 4, 63, 63
5, 396, 408, 66, 210, 251, 89, 198, 380, 24
6, 6, 6, 234, 6, 6, 6, 6, 6, 6
7, 231, 7, 67, 7, 7, 231, 7, 231, 231
8, 129, 8, 244, 389, 389, 129, 8, 129, 508
9, 21, 428, 425, 346, 346, 230, 502, 237, 279
127, 458, 302, 421, 12, 12, 278, 422, 103, 169
11, 196, 79, 445, 64, 64, 313, 181, 57, 293
396, 278, 150, 157, 89, 89, 510, 343, 121, 247
13, 421, 301, 37, 20, 20, 157, 301, 55, 157
14, 365, 18, 226, 46, 46, 27, 401, 385, 393
15, 273, 372, 255, 378, 378, 398, 317, 376, 398
16, 137, 96, 391, 40, 40, 265, 16, 265, 265
17, 69, 131, 248, 450, 450, 192, 131, 192, 413
18, 99, 381, 297, 487, 487, 385, 152, 365, 27
19, 333, 19, 112, 19, 19, 19, 19, 333, 19
20, 157, 66, 368, 407, 407, 299, 66, 252, 301
21, 167, 483, 142, 230, 230, 31, 248, 167, 267
22, 147, 303, 290, 493, 493, 171, 86, 341, 386
23, 374, 457, 193, 176, 176, 296, 23, 374, 296
24, 247, 380, 299, 214, 214, 494, 199, 288, 446
25, 237, 9, 122, 348, 348, 279, 9, 230, 344
26, 26, 26, 26, 26, 26, 26, 26, 26, 26
27, 211, 365, 308, 460, 460, 474, 385, 229, 442
28, 28, 28, 283, 28, 28, 28, 28, 28, 28
29, 345, 312, 69, 119, 119, 387, 29, 345, 387
30, 0, 30, 323, 30, 30, 0, 30, 0, 0
31, 366, 167, 293, 332, 332, 410, 167, 272, 410
32, 444, 68, 137, 298, 298, 444, 32, 444, 444
288, 492, 510, 420, 250, 250, 103, 220, 271, 50
34, 317, 367, 464, 411, 411, 378, 161, 15, 378
35, 72, 140, 461, 350, 350, 439, 35, 439, 391
36, 323, 36, 231, 36, 36, 323, 36, 323, 323
37, 130, 338, 427, 368, 368, 218, 338, 130, 478
38, 303, 59, 378, 226, 226, 268, 113, 86, 268
39, 251, 115, 336, 289, 289, 310, 304, 210, 145
40, 265, 16, 35, 241, 241, 96, 40, 96, 96
41, 149, 221, 229, 227, 227, 425, 111, 116, 425
42, 504, 42, 8, 500, 500, 504, 42, 504, 503
278, 448, 406, 304, 189, 189, 369, 50, 170, 384
44, 159, 44, 3, 44, 44, 159, 44, 159, 159
45, 441, 45, 339, 45, 45, 441, 45, 441, 441
46, 393, 487, 364, 499, 499, 381, 138, 460, 152
47, 468, 47, 481, 47, 47, 47, 47, 468, 47
48, 164, 48, 455, 48, 48, 164, 48, 164, 164
49, 188, 49, 274, 491, 491, 416, 49, 416, 416
264, 249, 271, 115, 133, 133, 165, 406, 448, 369
51, 180, 118, 208, 287, 287, 375, 51, 180, 375
52, 501, 368, 505, 245, 245, 37, 52, 338, 37
53, 477, 324, 147, 496, 496, 394, 329, 475, 486
54, 418, 54, 416, 54, 54, 154, 54, 154, 154
55, 143, 420, 218, 252, 252, 39, 421, 115, 39
56, 86, 113, 305, 226, 226, 300, 38, 22, 300
57, 502, 109, 379, 293, 293, 25, 196, 9, 346
58, 58, 58, 58, 58, 58, 58, 58, 58, 58
59, 178, 493, 172, 56, 56, 86, 308, 470, 86
60, 29, 135, 131, 361, 361, 119, 60, 29, 119
61, 7, 61, 2, 61, 61, 7, 61, 7, 7
62, 35, 362, 101, 374, 374, 350, 62, 35, 350
63, 176, 417, 387, 101, 101, 461, 63, 461, 461
64, 293, 266, 475, 222, 222, 388, 142, 484, 79
65, 45, 65, 392, 65, 65, 45, 65, 45, 45
66, 55, 13, 88, 490, 490, 252, 13, 157, 299
67, 117, 67, 177, 67, 67, 117, 67, 117, 117
68, 455, 444, 162, 32, 32, 455, 68, 455, 444
69, 106, 217, 466, 192, 192, 325, 69, 106, 325
70, 431, 70, 190, 70, 70, 431, 70, 431, 431
71, 500, 84, 104, 129, 129, 263, 71, 263, 263
72, 415, 153, 457, 439, 439, 219, 72, 219, 219
73, 73, 73, 73, 73, 73, 73, 73, 73, 73
74, 426, 74, 47, 74, 74, 74, 74, 426, 74
75, 75, 75, 342, 75, 75, 75, 75, 75, 75
76, 287, 427, 125, 505, 505, 440, 76, 287, 440
458, 91, 492, 143, 311, 311, 448, 436, 87, 170
78, 206, 78, 306, 78, 78, 206, 78, 206, 206
79, 109, 484, 495, 266, 266, 57, 388, 196, 57
80, 80, 80, 480, 80, 80, 80, 80, 80, 80
81, 173, 81, 154, 224, 224, 462, 81, 173, 462
82, 54, 82, 491, 370, 370, 414, 82, 414, 414
83, 306, 83, 155, 83, 83, 306, 83, 306, 306
84, 42, 263, 104, 71, 71, 500, 84, 500, 500
98, 467, 77, 115, 437, 437, 395, 264, 277, 195
86, 499, 470, 260, 300, 300, 341, 303, 147, 171
404, 124, 258, 198, 170, 170, 34, 91, 367, 349
88, 218, 37, 76, 368, 368, 478, 37, 218, 501
199, 510, 464, 299, 102, 102, 422, 141, 220, 127
90, 90, 90, 205, 90, 90, 90, 90, 90, 90
93, 236, 100, 214, 448, 448, 161, 258, 124, 34
92, 301, 490, 245, 280, 280, 13, 407, 13, 66
93, 236, 411, 214, 467, 467, 367, 100, 124, 161
94, 94, 94, 94, 94, 94, 94, 94, 94, 94
95, 164, 95, 68, 225, 225, 48, 95, 48, 48
96, 137, 265, 439, 16, 16, 137, 96, 137, 265
97, 210, 304, 328, 420, 420, 145, 39, 310, 145
50, 249, 458, 115, 318, 318, 165, 103, 448, 369
99, 53, 442, 86, 385, 385, 496, 442, 228, 211
100, 378, 123, 356, 87, 87, 124, 411, 236, 367
101, 461, 63, 29, 4, 4, 417, 101, 417, 417
102, 472, 24, 301, 198, 198, 343, 356, 10, 396
406, 87, 183, 143, 121, 121, 170, 458, 467, 165
104, 389, 104, 44, 104, 104, 284, 104, 389, 284
105, 460, 138, 412, 147, 147, 18, 476, 381, 401
106, 361, 399, 359, 325, 325, 352, 106, 361, 352
107, 76, 146, 503, 120, 120, 505, 107, 505, 360
12, 43, 139, 157, 24, 24, 189, 254, 255, 220
109, 344, 348, 41, 57, 57, 502, 348, 428, 9
110, 122, 379, 99, 363, 363, 221, 227, 424, 111
111, 222, 424, 211, 379, 371, 116, 221, 149, 425
112, 197, 112, 174, 112, 112, 112, 112, 112, 112
113, 470, 308, 378, 297, 297, 22, 59, 303, 22
114, 225, 114, 432, 455, 455, 377, 114, 225, 377
115, 198, 145, 383, 39, 39, 251, 143, 207, 210
116, 11, 149, 324, 122, 122, 142, 149, 266, 64
117, 61, 117, 168, 117, 117, 61, 117, 61, 61
118, 245, 375, 120, 51, 51, 180, 118, 245, 180
119, 387, 29, 192, 135, 135, 312, 119, 387, 312
120, 505, 107, 42, 208, 208, 360, 120, 360, 146
169, 277, 50, 304, 447, 447, 179, 43, 395, 492
122, 64, 425, 53, 221, 221, 222, 425, 320, 222
123, 172, 161, 89, 258, 258, 305, 349, 378, 236
124, 290, 305, 139, 34, 34, 317, 236, 372, 15
125, 479, 212, 84, 126, 126, 347, 125, 479, 347
126, 347, 125, 71, 504, 504, 212, 126, 347, 212
494, 271, 447, 421, 12, 12, 85, 472, 406, 311
128, 463, 193, 352, 345, 345, 463, 128, 463, 193
129, 263, 71, 423, 508, 508, 84, 129, 84, 84
130, 280, 498, 51, 478, 478, 403, 498, 383, 336
131, 217, 469, 332, 443, 443, 192, 469, 69, 192
179, 411, 395, 310, 406, 406, 404, 309, 258, 87
255, 165, 85, 39, 288, 288, 492, 169, 195, 183
134, 134, 134, 134, 134, 134, 134, 134, 134, 134
135, 312, 119, 413, 60, 60, 29, 135, 312, 29
136, 172, 34, 24, 93, 93, 236, 123, 378, 236
137, 509, 162, 153, 265, 265, 163, 137, 509, 163
138, 27, 14, 216, 353, 353, 460, 390, 393, 381
150, 406, 422, 55, 380, 464, 169, 127, 98, 255
140, 72, 391, 176, 35, 35, 439, 140, 72, 439
380, 255, 396, 252, 356, 356, 302, 464, 510, 472
142, 313, 11, 477, 320, 320, 484, 266, 293, 388
143, 408, 310, 280, 304, 304, 207, 145, 198, 207
144, 435, 144, 351, 419, 419, 285, 144, 435, 285
145, 214, 210, 276, 115, 115, 5, 310, 408, 5
146, 76, 360, 504, 107, 107, 505, 146, 76, 505
147, 18, 353, 286, 171, 171, 487, 499, 401, 390
148, 148, 148, 191, 148, 148, 148, 148, 148, 148
149, 79, 222, 282, 425, 425, 266, 222, 181, 142
446, 77, 33, 421, 464, 464, 311, 494, 50, 121
151, 339, 151, 327, 151, 151, 392, 151, 392, 392
152, 99, 460, 56, 14, 14, 365, 381, 99, 385
153, 241, 219, 296, 72, 72, 415, 153, 415, 415
154, 256, 154, 188, 154, 154, 418, 154, 418, 418
155, 392, 155, 327, 155, 155, 151, 155, 151, 151
156, 156, 156, 156, 156, 156, 156, 156, 156, 156
157, 115, 55, 218, 299, 299, 97, 55, 39, 289
158, 158, 158, 187, 158, 158, 158, 158, 158, 158
159, 244, 159, 3, 159, 159, 316, 159, 316, 316
160, 30, 160, 36, 160, 160, 30, 160, 30, 30
161, 317, 124, 12, 136, 136, 172, 367, 15, 378
162, 292, 163, 219, 137, 137, 509, 162, 292, 509
163, 402, 509, 415, 162, 162, 292, 163, 402, 292
164, 238, 164, 114, 164, 164, 238, 164, 238, 238
170, 349, 467, 251, 492, 492, 100, 277, 136, 258
166, 166, 166, 166, 166, 166, 166, 166, 166, 166
167, 355, 488, 313, 267, 267, 272, 488, 366, 382
168, 2, 168, 459, 168, 168, 2, 168, 2, 2
311, 277, 264, 304, 194, 194, 384, 278, 165, 132
277, 34, 249, 207, 132, 179, 411, 448, 123, 100
171, 14, 147, 507, 178, 178, 46, 341, 390, 476
172, 376, 317, 510, 305, 305, 260, 15, 261, 260
173, 144, 173, 418, 462, 462, 419, 173, 144, 419
174, 174, 174, 326, 174, 174, 174, 174, 174, 174
175, 175, 175, 397, 175, 175, 175, 175, 175, 175
176, 296, 23, 128, 461, 461, 457, 176, 457, 457
177, 168, 177, 206, 177, 177, 168, 177, 168, 168
178, 46, 171, 376, 303, 303, 353, 386, 476, 499
384, 411, 165, 310, 77, 77, 91, 195, 258, 404
180, 88, 245, 146, 375, 375, 368, 180, 368, 52
181, 109, 388, 445, 142, 142, 313, 79, 196, 313
182, 182, 182, 80, 182, 182, 182, 182, 182, 182
334, 258, 309, 145, 50, 50, 249, 132, 91, 467
184, 184, 184, 184, 184, 184, 184, 184, 184, 184
185, 185, 185, 471, 185, 185, 185, 185, 185, 185
186, 294, 186, 48, 186, 186, 274, 186, 274, 274
187, 187, 187, 473, 187, 187, 187, 187, 187, 187
188, 82, 188, 204, 416, 416, 370, 188, 82, 370
510, 195, 169, 97, 494, 235, 436, 318, 132, 458
190, 209, 190, 19, 190, 190, 209, 190, 209, 190
191, 191, 191, 511, 191, 191, 191, 191, 191, 191
192, 106, 69, 167, 413, 413, 325, 192, 325, 217
193, 4, 463, 361, 128, 128, 4, 193, 4, 463
247, 309, 255, 289, 10, 127, 271, 437, 492, 77
369, 136, 277, 210, 271, 436, 93, 165, 411, 91
196, 428, 348, 371, 313, 313, 9, 109, 502, 25
197, 19, 197, 112, 197, 197, 197, 197, 19, 197
198, 250, 214, 66, 251, 251, 141, 408, 12, 199
141, 318, 12, 252, 102, 102, 33, 380, 247, 235
200, 200, 200, 451, 200, 200, 200, 200, 200, 200
201, 201, 201, 201, 201, 201, 201, 201, 201, 201
202, 469, 358, 279, 359, 359, 17, 358, 131, 17
203, 400, 203, 462, 435, 435, 240, 203, 240, 240
204, 491, 204, 238, 204, 204, 215, 204, 215, 215
205, 205, 205, 175, 205, 205, 205, 205, 205, 205
206, 459, 206, 65, 206, 206, 459, 206, 459, 459
207, 464, 198, 20, 210, 210, 24, 5, 199, 356
208, 360, 120, 42, 479, 479, 146, 208, 146, 107
209, 70, 209, 333, 209, 209, 70, 209, 70, 70
210, 24, 207, 407, 145, 145, 214, 251, 356, 408
211, 486, 228, 386, 474, 474, 324, 496, 282, 324
212, 208, 347, 84, 125, 125, 479, 212, 208, 479
213, 213, 213, 213, 213, 213, 213, 213, 213, 213
214, 494, 357, 13, 5, 5, 396, 102, 150, 108
215, 49, 215, 340, 215, 215, 491, 215, 491, 491
216, 308, 226, 34, 412, 412, 38, 482, 59, 38
217, 399, 325, 382, 69, 69, 106, 217, 399, 106
218, 383, 130, 51, 501, 501, 328, 130, 403, 328
219, 40, 415, 374, 153, 153, 241, 219, 241, 241
194, 384, 133, 289, 10, 10, 458, 510, 334, 406
221, 320, 122, 496, 41, 41, 149, 424, 222, 116
222, 388, 320, 486, 116, 116, 181, 320, 79, 11
223, 47, 223, 322, 223, 223, 223, 223, 47, 223
224, 462, 224, 54, 351, 351, 462, 224, 462, 81
225, 48, 225, 32, 377, 377, 95, 225, 95, 95
226, 268, 56, 124, 216, 216, 308, 297, 300, 59
227, 425, 371, 99, 232, 232, 424, 379, 122, 221
228, 475, 329, 341, 211, 211, 486, 53, 394, 486
229, 486, 496, 178, 442, 442, 329, 211, 282, 329
230, 31, 21, 320, 344, 344, 332, 237, 267, 483
231, 281, 231, 117, 231, 231, 281, 231, 281, 281
232, 221, 110, 385, 495, 495, 41, 497, 111, 371
233, 233, 233, 233, 233, 233, 233, 233, 233, 233
234, 234, 234, 321, 234, 234, 234, 234, 234, 234
422, 436, 194, 420, 254, 254, 50, 288, 77, 278
236, 260, 378, 127, 161, 161, 317, 305, 290, 317
237, 167, 248, 64, 279, 279, 267, 21, 31, 332
238, 186, 238, 377, 238, 238, 340, 238, 340, 340
239, 38, 364, 100, 507, 507, 226, 412, 56, 226
240, 400, 240, 173, 203, 203, 400, 240, 400, 400
241, 96, 40, 350, 415, 415, 16, 241, 16, 16
242, 242, 242, 158, 242, 242, 242, 242, 242, 242
243, 452, 243, 203, 243, 243, 452, 243, 452, 452
244, 104, 244, 1, 244, 244, 423, 244, 423, 423
245, 37, 52, 360, 180, 180, 88, 245, 37, 368
246, 456, 246, 160, 246, 246, 456, 246, 456, 246
189, 195, 121, 97, 127, 494, 271, 437, 492, 77
248, 488, 483, 11, 237, 237, 31, 483, 167, 31
87, 367, 93, 198, 165, 165, 349, 404, 161, 123
139, 103, 235, 55, 380, 380, 121, 446, 85, 318
251, 199, 5, 490, 310, 310, 356, 207, 24, 102
252, 39, 157, 478, 301, 301, 289, 157, 97, 420
253, 160, 253, 465, 253, 253, 160, 253, 160, 160
343, 50, 127, 55, 199, 199, 133, 139, 311, 510
121, 170, 98, 39, 302, 302, 132, 311, 369, 334
256, 224, 256, 82, 256, 256, 351, 256, 224, 351
257, 32, 409, 96, 432, 432, 298, 257, 32, 298
258, 305, 136, 102, 249, 249, 367, 411, 236, 367
259, 407, 328, 118, 130, 130, 280, 328, 92, 280
260, 286, 261, 436, 372, 372, 507, 398, 295, 269
261, 412, 273, 309, 260, 260, 286, 376, 239, 295
262, 262, 262, 262, 262, 262, 262, 262, 262, 262
263, 503, 500, 284, 84, 84, 42, 263, 42, 42
103, 87, 436, 143, 255, 255, 170, 77, 467, 395
265, 163, 137, 72, 96, 96, 162, 265, 162, 162
266, 57, 181, 270, 64, 64, 293, 11, 313, 484
267, 272, 31, 484, 483, 483, 466, 31, 382, 466
268, 341, 86, 290, 308, 308, 386, 22, 171, 178
269, 482, 295, 448, 261, 261, 364, 507, 216, 412
270, 379, 495, 381, 475, 475, 497, 445, 227, 497
436, 93, 179, 145, 85, 85, 467, 334, 404, 448
272, 358, 355, 346, 410, 410, 307, 366, 358, 307
273, 216, 507, 170, 398, 398, 412, 269, 364, 239
274, 204, 274, 48, 186, 186, 294, 274, 294, 294
275, 1, 275, 70, 275, 275, 1, 275, 1, 1
276, 13, 407, 245, 403, 403, 66, 92, 13, 20
448, 34, 87, 207, 384, 384, 136, 467, 349, 411
85, 467, 77, 115, 510, 510, 369, 264, 277, 309
279, 267, 237, 222, 428, 428, 483, 230, 332, 248
280, 13, 92, 245, 336, 336, 20, 276, 66, 20
281, 465, 281, 61, 281, 281, 465, 281, 465, 465
282, 495, 394, 46, 329, 329, 270, 486, 445, 477
283, 283, 283, 449, 283, 283, 283, 283, 283, 283
284, 8, 284, 159, 104, 104, 389, 284, 8, 389
285, 203, 285, 224, 144, 144, 203, 285, 203, 435
286, 56, 412, 93, 269, 269, 482, 239, 297, 482
287, 375, 51, 479, 440, 440, 118, 287, 375, 118
302, 492, 437, 289, 139, 139, 406, 194, 436, 264
289, 310, 39, 259, 421, 421, 143, 97, 145, 143
290, 295, 398, 77, 317, 317, 269, 260, 507, 273
291, 291, 291, 291, 291, 291, 291, 291, 291, 291
292, 409, 402, 40, 509, 509, 257, 292, 257, 432
293, 25, 57, 110, 388, 388, 348, 313, 346, 109
294, 215, 294, 164, 294, 294, 204, 294, 204, 204
295, 297, 239, 404, 273, 273, 482, 286, 226, 216
296, 362, 374, 4, 457, 457, 62, 296, 362, 62
297, 22, 38, 236, 482, 482, 493, 56, 268, 308
298, 444, 32, 265, 409, 409, 68, 298, 68, 68
299, 97, 252, 501, 13, 13, 421, 252, 289, 421
300, 171, 22, 372, 59, 59, 178, 268, 386, 470
301, 420, 299, 338, 66, 66, 55, 299, 421, 55
447, 132, 437, 289, 150, 150, 77, 247, 183, 264
303, 353, 178, 398, 268, 268, 341, 470, 499, 341
304, 207, 143, 403, 289, 97, 210, 115, 251, 310
305, 398, 172, 472, 367, 367, 372, 378, 260, 372
306, 65, 306, 151, 306, 306, 65, 306, 65, 65
307, 131, 202, 344, 355, 355, 443, 202, 17, 443
308, 386, 300, 15, 38, 38, 303, 493, 178, 303
195, 136, 170, 210, 271, 271, 93, 395, 100, 91
310, 356, 251, 92, 143, 143, 408, 210, 102, 198
43, 448, 103, 304, 247, 247, 195, 98, 165, 179
312, 128, 387, 217, 29, 29, 345, 312, 345, 345
313, 9, 196, 227, 484, 484, 346, 57, 25, 348
314, 314, 314, 185, 314, 314, 314, 314, 314, 314
315, 315, 315, 315, 315, 315, 315, 315, 315, 315
316, 423, 316, 275, 316, 316, 244, 316, 244, 244
317, 269, 290, 43, 172, 172, 261, 372, 273, 261
133, 165, 278, 39, 33, 33, 492, 121, 309, 436
319, 319, 319, 319, 319, 319, 319, 319, 319, 319
320, 484, 142, 394, 149, 149, 79, 64, 388, 181
321, 321, 321, 148, 321, 321, 321, 321, 321, 321
322, 481, 322, 456, 322, 322, 322, 322, 481, 322
323, 253, 323, 281, 323, 323, 253, 323, 253, 253
324, 445, 486, 105, 53, 53, 477, 282, 270, 475
325, 352, 106, 366, 217, 217, 399, 325, 352, 399
326, 326, 326, 200, 326, 326, 326, 326, 326, 326
327, 243, 327, 435, 327, 327, 243, 327, 243, 243
328, 490, 403, 375, 498, 498, 92, 336, 407, 276
329, 270, 324, 499, 228, 228, 475, 324, 477, 394
330, 330, 330, 330, 330, 330, 330, 330, 330, 330
331, 331, 331, 331, 331, 331, 331, 331, 331, 331
332, 410, 267, 79, 248, 248, 488, 267, 466, 488
333, 190, 333, 197, 333, 333, 190, 333, 190, 333
492, 100, 195, 310, 264, 264, 87, 179, 93, 249
335, 335, 335, 74, 335, 335, 335, 335, 335, 335
336, 20, 383, 375, 259, 259, 407, 403, 490, 92
337, 337, 337, 337, 337, 337, 337, 337, 337, 337
338, 259, 501, 440, 88, 88, 130, 501, 498, 218
339, 83, 339, 452, 339, 339, 83, 339, 83, 83
340, 274, 340, 225, 340, 340, 186, 340, 186, 186
341, 401, 499, 295, 386, 386, 390, 147, 14, 138
342, 342, 342, 489, 342, 342, 342, 342, 342, 342
250, 264, 494, 55, 141, 141, 255, 150, 278, 437
344, 332, 279, 149, 502, 502, 248, 279, 483, 21
345, 193, 128, 399, 387, 387, 193, 345, 193, 193
346, 230, 25, 424, 109, 109, 344, 25, 279, 428
347, 107, 479, 263, 212, 212, 208, 347, 120, 208
348, 279, 25, 111, 196, 196, 428, 346, 344, 502
349, 15, 161, 141, 100, 100, 378, 34, 172, 305
350, 391, 35, 417, 362, 362, 140, 350, 391, 140
351, 81, 351, 414, 256, 256, 224, 351, 81, 224
352, 135, 361, 450, 399, 399, 60, 352, 135, 60
353, 381, 46, 239, 341, 341, 401, 105, 152, 14
354, 322, 354, 246, 354, 354, 354, 354, 322, 354
355, 443, 359, 9, 272, 272, 358, 359, 450, 358
356, 288, 89, 301, 408, 408, 139, 24, 235, 343
24, 220, 141, 299, 408, 408, 10, 89, 472, 139
358, 413, 450, 230, 307, 307, 131, 450, 469, 131
359, 17, 307, 502, 366, 366, 450, 307, 443, 450
360, 427, 505, 504, 146, 146, 76, 360, 427, 76
361, 119, 60, 443, 352, 352, 135, 361, 119, 135
362, 140, 350, 63, 62, 62, 35, 362, 140, 35
363, 111, 497, 27, 445, 445, 371, 232, 41, 379
364, 59, 482, 123, 286, 286, 56, 216, 113, 297
365, 228, 99, 268, 27, 27, 211, 99, 496, 229
366, 450, 355, 25, 382, 382, 202, 355, 358, 202
367, 372, 236, 254, 349, 349, 15, 124, 317, 172
368, 478, 88, 76, 52, 52, 501, 88, 478, 338
395, 123, 277, 251, 436, 183, 258, 165, 411, 93
370, 414, 370, 215, 188, 188, 82, 370, 82, 82
371, 116, 111, 474, 110, 227, 122, 41, 425, 122
372, 507, 260, 50, 15, 15, 273, 290, 269, 376
373, 373, 373, 373, 373, 373, 373, 373, 373, 373
374, 350, 62, 101, 296, 296, 362, 374, 350, 362
375, 368, 180, 107, 118, 118, 52, 375, 52, 245
376, 364, 269, 395, 260, 398, 239, 273, 412, 286
377, 95, 377, 409, 114, 114, 225, 377, 95, 225
378, 261, 15, 220, 236, 236, 290, 172, 398, 290
379, 116, 41, 442, 497, 110, 122, 371, 425, 424
464, 121, 254, 252, 357, 357, 220, 12, 437, 288
381, 442, 393, 38, 401, 401, 365, 460, 99, 365
382, 202, 366, 348, 466, 466, 307, 272, 202, 359
383, 66, 276, 180, 328, 336, 490, 280, 20, 490
309, 136, 170, 210, 458, 458, 91, 369, 100, 404
385, 496, 365, 493, 393, 393, 474, 365, 211, 474
386, 390, 341, 273, 470, 470, 105, 171, 46, 353
387, 128, 345, 325, 312, 312, 128, 387, 128, 128
388, 348, 293, 363, 11, 181, 196, 484, 109, 196
389, 508, 389, 316, 284, 284, 508, 389, 508, 8
390, 385, 401, 482, 105, 105, 460, 487, 27, 460
391, 153, 439, 176, 140, 140, 72, 391, 153, 72
392, 339, 392, 243, 151, 151, 339, 392, 339, 339
393, 229, 385, 59, 152, 381, 442, 27, 474, 99
394, 232, 477, 487, 282, 282, 495, 475, 363, 445
165, 349, 448, 251, 334, 334, 100, 170, 136, 93
254, 98, 446, 157, 199, 199, 437, 250, 169, 189
397, 397, 397, 182, 397, 397, 397, 397, 397, 397
398, 239, 376, 492, 290, 290, 295, 261, 286, 507
399, 60, 352, 202, 106, 106, 361, 399, 60, 361
400, 327, 400, 144, 400, 400, 327, 400, 327, 327
401, 365, 152, 226, 138, 390, 27, 18, 385, 27
402, 298, 432, 16, 292, 292, 409, 402, 409, 257
403, 66, 280, 180, 328, 328, 490, 383, 20, 407
91, 124, 258, 408, 277, 277, 161, 93, 367, 34
405, 405, 405, 242, 405, 405, 405, 405, 405, 405
77, 404, 334, 143, 169, 169, 277, 271, 249, 170
407, 299, 20, 52, 276, 276, 13, 490, 301, 13
408, 446, 356, 13, 207, 207, 108, 214, 343, 380
409, 68, 298, 265, 257, 257, 32, 409, 68, 32
410, 202, 272, 109, 488, 488, 359, 382, 307, 355
411, 378, 349, 357, 91, 91, 236, 123, 305, 124
412, 113, 216, 411, 295, 295, 297, 364, 38, 297
413, 325, 192, 31, 131, 131, 217, 413, 217, 69
414, 154, 414, 49, 414, 414, 54, 414, 54, 54
415, 16, 241, 362, 219, 219, 40, 415, 40, 40
416, 370, 416, 294, 49, 49, 188, 416, 370, 188
417, 23, 461, 345, 63, 63, 176, 417, 176, 176
418, 351, 418, 370, 418, 418, 256, 418, 256, 256
419, 285, 419, 256, 173, 173, 144, 419, 285, 144
420, 310, 97, 498, 55, 55, 115, 289, 145, 115
421, 145, 289, 130, 157, 157, 115, 420, 143, 304
472, 183, 247, 420, 254, 343, 264, 302, 458, 85
423, 284, 423, 44, 423, 423, 104, 423, 104, 104
424, 320, 425, 228, 111, 111, 149, 122, 320, 149
425, 266, 116, 329, 424, 424, 320, 116, 142, 320
426, 335, 426, 468, 426, 426, 426, 426, 426, 426
427, 51, 440, 212, 76, 76, 287, 427, 51, 287
428, 483, 344, 116, 9, 9, 21, 344, 248, 237
429, 429, 429, 429, 429, 429, 429, 429, 429, 429
430, 430, 430, 430, 430, 430, 430, 430, 430, 430
431, 3, 431, 190, 431, 431, 3, 431, 3, 3
432, 32, 257, 16, 402, 402, 298, 432, 298, 409
433, 433, 433, 433, 433, 433, 433, 433, 433, 433
434, 177, 434, 78, 434, 434, 177, 434, 177, 177
435, 240, 435, 81, 285, 285, 203, 435, 240, 203
183, 258, 384, 145, 98, 98, 249, 492, 91, 467
318, 395, 43, 39, 472, 472, 334, 255, 384, 436
438, 438, 438, 438, 438, 438, 438, 438, 438, 438
439, 219, 72, 23, 391, 391, 153, 439, 153, 153
440, 118, 287, 347, 427, 427, 51, 440, 118, 51
441, 78, 441, 83, 441, 441, 78, 441, 78, 78
442, 324, 474, 303, 365, 365, 228, 474, 329, 228
443, 192, 17, 21, 358, 358, 413, 17, 192, 469
444, 114, 444, 163, 68, 68, 455, 444, 114, 455
445, 371, 363, 460, 477, 477, 227, 495, 379, 110
10, 77, 288, 421, 108, 108, 43, 235, 264, 121
220, 179, 318, 289, 446, 446, 77, 189, 183, 103
467, 161, 404, 5, 195, 195, 123, 249, 34, 411
449, 449, 449, 75, 449, 449, 449, 449, 449, 449
450, 413, 443, 237, 202, 202, 469, 443, 413, 131
451, 451, 451, 28, 451, 451, 451, 451, 451, 451
452, 155, 452, 400, 452, 452, 155, 452, 155, 155
453, 453, 453, 453, 453, 453, 453, 453, 453, 453
454, 454, 454, 454, 454, 454, 454, 454, 454, 454
455, 377, 455, 292, 444, 444, 114, 455, 377, 114
456, 354, 456, 0, 456, 456, 354, 456, 354, 456
457, 62, 296, 463, 23, 23, 374, 457, 62, 374
271, 91, 132, 145, 43, 43, 448, 183, 87, 277
459, 434, 459, 45, 459, 459, 434, 459, 434, 434
460, 474, 27, 113, 18, 18, 99, 393, 442, 365
461, 457, 176, 128, 417, 417, 23, 461, 23, 23
462, 419, 462, 154, 81, 81, 173, 462, 419, 173
463, 101, 4, 135, 193, 193, 101, 463, 101, 4
108, 311, 250, 157, 24, 24, 247, 396, 133, 302
465, 36, 465, 7, 465, 465, 36, 465, 36, 36
466, 307, 382, 196, 167, 167, 355, 410, 359, 366
249, 367, 91, 5, 369, 395, 123, 87, 34, 136
468, 74, 468, 223, 468, 468, 468, 468, 74, 468
469, 217, 413, 267, 17, 17, 69, 413, 217, 69
470, 476, 386, 261, 22, 22, 147, 178, 353, 147
471, 471, 471, 405, 471, 471, 471, 471, 471, 471
33, 334, 189, 420, 343, 343, 264, 447, 271, 98
473, 473, 473, 335, 473, 473, 473, 473, 473, 473
474, 282, 211, 470, 99, 99, 53, 229, 324, 53
475, 497, 270, 401, 486, 486, 363, 477, 232, 495
476, 393, 390, 364, 499, 499, 152, 46, 460, 18
477, 227, 270, 18, 394, 394, 232, 270, 110, 363
478, 336, 218, 287, 338, 338, 259, 218, 328, 259
479, 146, 208, 500, 347, 347, 107, 479, 107, 120
480, 480, 480, 314, 480, 480, 480, 480, 480, 480
481, 223, 481, 354, 481, 481, 481, 481, 223, 481
482, 300, 297, 161, 364, 364, 59, 226, 308, 113
483, 466, 332, 181, 21, 21, 167, 332, 488, 167
484, 346, 313, 497, 79, 79, 109, 293, 348, 109
485, 485, 485, 485, 485, 485, 485, 485, 485, 485
486, 363, 475, 390, 324, 324, 445, 394, 495, 270
487, 385, 18, 482, 476, 476, 393, 14, 27, 460
488, 359, 466, 57, 31, 31, 366, 466, 355, 272
489, 489, 489, 489, 489, 489, 489, 489, 489, 489
490, 252, 20, 52, 92, 92, 301, 20, 299, 301
491, 416, 491, 186, 491, 491, 49, 491, 49, 49
132, 100, 369, 310, 103, 103, 404, 384, 93, 249
493, 386, 268, 317, 113, 113, 470, 300, 178, 470
235, 436, 220, 421, 396, 396, 98, 33, 406, 43
495, 41, 232, 393, 270, 270, 379, 363, 371, 227
496, 394, 53, 171, 229, 229, 282, 228, 486, 282
497, 424, 227, 365, 495, 495, 111, 110, 221, 41
498, 92, 259, 118, 218, 218, 383, 259, 276, 403
499, 381, 476, 239, 171, 341, 14, 353, 18, 487
500, 503, 42, 389, 263, 263, 503, 500, 503, 503
501, 328, 478, 440, 37, 37, 498, 478, 259, 130
502, 248, 344, 116, 25, 25, 237, 428, 21, 230
503, 126, 503, 508, 42, 42, 126, 503, 126, 504
504, 212, 126, 129, 503, 503, 125, 504, 125, 125
505, 440, 76, 126, 360, 360, 427, 505, 440, 427
506, 506, 506, 506, 506, 506, 506, 506, 506, 506
507, 226, 286, 249, 376, 273, 216, 295, 482, 364
508, 84, 129, 244, 8, 8, 71, 508, 71, 71
509, 257, 292, 241, 163, 163, 402, 509, 432, 402
437, 369, 311, 97, 422, 422, 183, 133, 179, 271
511, 511, 511, 90, 511, 511, 511, 511, 511, 511
