-3.335312,
0.836231,
-2.827143,
0.901332,
-1.017123,
0.038767,
-6.440614,
-2.982253,
0.629594,
-0.620008,
-0.007053,
-0.555321,
0.003247,
0.137297,
-0.323237,
-0.134103,
-1.300372,
-0.770651,
-0.329785,
1.162929,
0.150541,
-0.656644,
-0.258205,
-1.097546,
0.016490,
-0.614405,
-9.287859,
-0.350636,
1.762627,
-0.919055,
-3.297753,
-0.684152,
-1.452820,
-0.013531,
-0.100478,
-1.176262,
-3.142314,
0.243608,
-0.230114,
0.082086,
-1.285721,
-0.489245,
0.529594,
-0.031818,
0.803560,
-2.565813,
-0.311008,
-3.691835,
-1.598125,
-1.831516,
-0.036313,
0.319814,
0.267380,
-0.402186,
-1.959989,
0.105994,
-0.226057,
-0.588662,
-6.918292,
-0.238491,
-0.885702,
-2.941077,
-1.144104,
-1.044901,
-0.542812,
-2.538354,
0.144006,
-2.865878,
-1.465963,
-0.809074,
0.970462,
0.584413,
-1.217719,
-7.197882,
-3.809503,
2.154427,
0.362613,
-0.041768,
-2.620052,
-0.563580,
-4.742609,
-2.084531,
-1.913831,
-2.484248,
0.570082,
-0.034094,
-0.262557,
-0.074381,
0.250051,
0.014028,
-5.400393,
-0.078973,
0.165648,
-0.081238,
-10.661071,
-1.575914,
-1.313977,
0.086297,
-0.035123,
-0.367813,
-0.086274,
-1.031683,
0.024192,
-0.038948,
0.683481,
-0.305192,
-0.840328,
0.403866,
0.004853,
-0.597892,
-0.471955,
-0.493965,
1.293396,
-0.234258,
-1.516542,
0.072949,
-0.520242,
-2.903534,
0.309126,
-0.907651,
0.413997,
-0.028042,
-0.508403,
-0.094370,
-0.111245,
0.468998,
0.480847,
-0.008143,
-0.971018,
0.597798,
0.210001,
-0.777617,
-0.051805,
-0.025490,
-8.755008,
-0.896324,
-0.091728,
-1.343886,
-0.314100,
-0.003797,
-1.186055,
0.009765,
-0.547803,
0.067504,
-2.156932,
0.062289,
0.393660,
-0.294910,
-5.898209,
-0.526279,
-0.004884,
-2.414429,
-0.333134,
-1.231421,
-1.984277,
-2.388902,
-7.528455,
0.111630,
-4.163531,
0.778003,
-3.259274,
-0.103847,
-1.357369,
-1.369308,
-1.623792,
-0.061389,
-6.663290,
-0.690353,
-2.787053,
-0.029321,
-0.063451,
-0.285663,
-0.129341,
-2.120031,
1.369270,
-5.111946,
-1.084376,
-2.751173,
-0.275739,
-0.053080,
0.287419,
-0.559282,
-4.851919,
-0.047681,
-23.219175,
-4.474757,
-1.695314,
-4.086646,
-1.873583,
-0.020745,
1.059171,
-5.733940,
-0.799427,
-0.986195,
-0.018651,
-0.056580,
-0.592845,
1.221380,
0.034660,
0.011862,
1.545063,
5.264751,
-0.746323,
-2.210697,
-1.765332,
-5.248982,
-2.651083,
0.043048,
0.423701,
1.011312,
0.051903,
-0.388481,
0.455700,
6.308373,
0.026981,
-1.788015,
-0.206666,
-0.818862,
0.216562,
-1.245979,
-0.017662,
-0.498646,
-0.532002,
-3.636667,
-2.067867,
-1.555319,
-0.216911,
-0.476290,
-0.397891,
-0.383875,
-0.646619,
-3.021461,
-0.463554,
4.619726,
-6.244934,
-0.010349,
-0.115652,
-0.651033,
-1.648094,
-0.192861,
-2.230490,
-1.271991,
-4.243725,
-2.326507,
0.730181,
0.277056,
-3.380124,
-0.019602,
-0.661532,
-0.072085,
-0.002428,
0.047627,
0.117980,
-3.220968,
0.000356,
-0.026672,
-2.030398,
-1.420996,
-0.083682,
0.198165,
-0.153485,
-0.162577,
4.131177,
0.555378,
-0.037534,
-1.329296,
-0.551349,
-0.678789,
-0.254195,
-0.175646,
-0.444085,
-0.044788,
-0.717806,
-0.171137,
-1.716877,
0.869195,
0.170259,
-0.065523,
-0.032959,
-0.641095,
0.174723,
-3.062251,
-0.417587,
1.882092,
0.663627,
-2.176222,
-0.188416,
0.330740,
-0.014631,
0.091155,
-0.148716,
7.738060,
-1.391619,
-0.578102,
-1.741039,
-0.184262,
-1.122313,
-0.221679,
-1.441134,
0.124473,
-0.250154,
0.130214,
-0.015673,
-0.266636,
0.077768,
-0.120142,
-2.511760,
-0.740410,
-0.242525,
-0.055515,
0.056645,
-0.030602,
-0.930044,
-0.583497,
-4.555717,
2.773643,
0.753328,
-0.138869,
-0.024440,
-15.452001,
-0.537489,
-6.071232,
-3.530554,
-3.180880,
-0.412404,
-0.829239,
1.450231,
-2.295249,
0.192607,
-0.406779,
-13.777555,
10.158772,
-0.673006,
1.108179,
-0.049124,
-3.939165,
0.187260,
-18.296892,
0.236639,
-2.458617,
-1.672548,
-0.290180,
2.340507,
-0.001054,
-0.635251,
-0.956161,
-0.608805,
0.444514,
-0.603549,
-0.097372,
-1.164762,
-2.050278,
-0.863459,
-0.301967,
-3.479178,
-0.728725,
0.021389,
0.018840,
-0.752213,
-0.734446,
0.383376,
-0.874215,
-1.154158,
-0.459278,
-0.201343,
-0.361010,
-0.723111,
-0.107297,
0.257641,
-0.058052,
-1.893059,
-0.485154,
-0.143919,
-7.883140,
-1.133160,
0.297629,
-0.166908,
-1.534983,
-0.124692,
-0.480799,
0.007963,
-0.336731,
-0.712581,
0.178973,
-0.054336,
-0.355240,
-0.280774,
-0.941790,
-0.568302,
0.646101,
-0.316966,
-1.196499,
-2.433440,
-0.345906,
-0.428234,
-0.059601,
0.001790,
-4.975133,
-0.158250,
-0.852635,
-2.262250,
-0.326475,
-1.401734,
0.183145,
-0.076664,
-4.322016,
-0.040345,
0.160752,
0.030759,
-1.430974,
-0.707287,
-0.089002,
-0.197039,
-0.790815,
-1.937584,
-1.259776,
-1.853258,
-1.058831,
-2.007649,
-2.139037,
0.095884,
0.100530,
-0.011410,
0.705827,
-0.503411,
-0.514026,
-3.869796,
0.351497,
-0.629615,
-12.515685,
-9.907715,
0.936743,
-1.411699,
-8.271200,
-2.717877,
-2.192681,
-0.046277,
-0.023240,
3.063206,
-1.206005,
0.341033,
-2.593805,
-0.373252,
-0.764311,
-1.481558,
-0.449378,
-0.005971,
-0.016663,
-0.067623,
1.999367,
-0.758252,
1.644298,
-2.358442,
3.333578,
15.102091,
-1.498333,
-3.428181,
-1.111007,
-0.043151,
-2.681523,
-0.341427,
-1.071866,
-2.101881,
-1.001793,
0.006363,
-3.104018,
-0.702374,
-0.069822,
-3.747655,
-0.784062,
-0.270965,
-4.397381,
-0.012499,
-4.013605,
-0.378951,
-0.433326,
-0.308144,
-0.438450,
0.223402,
0.434022,
-4.644196,
-3.582217,
-0.211819,
-0.667140,
-0.573200,
-11.525083,
-0.423086,
-0.320051,
-0.696658,
2.529555,
0.155691,
-1.810301,
-0.050568,
-0.246376,
-0.009180,
-0.454455,
-0.393149,
-0.467766,
0.203979,
-0.298920,
0.543228,
0.229602,
-0.625179,
0.512858,
0.496376,
0.373575,
3.681878,
-0.180023,
0.612716,
-1.380109,
-0.022011,
-5.562545,
