44,
112,
7,
7,
114,
22,
97,
96,
2,
125,
126,
82,
56,
97,
79,
6,
11,
115,
30,
122,
57,
93,
125,
6,
103,
50,
25,
118,
85,
41,
84,
37,
50,
56,
90,
63,
6,
6,
35,
37,
62,
18,
106,
35,
112,
57,
102,
84,
34,
48,
0,
102,
42,
52,
65,
31,
98,
117,
77,
112,
114,
23,
97,
20,
17,
44,
1,
44,
127,
6,
44,
83,
83,
98,
81,
23,
50,
81,
37,
39,
39,
63,
108,
71,
6,
6,
18,
120,
69,
127,
75,
39,
103,
6,
114,
6,
112,
18,
99,
63,
6,
122,
85,
11,
12,
118,
66,
60,
87,
57,
47,
112,
44,
115,
97,
100,
71,
56,
18,
60,
102,
79,
62,
56,
97,
44,
85,
37,
105,
65,
104,
119,
87,
27,
71,
112,
63,
106,
115,
97,
119,
7,
6,
100,
80,
116,
102,
8,
98,
75,
60,
119,
97,
66,
18,
27,
127,
90,
31,
125,
93,
66,
66,
105,
7,
108,
78,
44,
27,
89,
111,
127,
84,
37,
84,
96,
67,
6,
98,
96,
29,
97,
78,
87,
6,
1,
90,
115,
24,
65,
56,
27,
115,
93,
71,
97,
23,
98,
6,
69,
113,
66,
99,
110,
42,
63,
117,
37,
12,
32,
57,
84,
84,
6,
27,
7,
25,
12,
32,
14,
74,
39,
18,
19,
88,
6,
84,
69,
107,
27,
106,
81,
110,
30,
30,
56,
20,
66,
16,
108,
98,
84,
18,
87,
60,
45,
16,
105,
107,
47,
23,
22,
97,
3,
9,
120,
96,
115,
39,
118,
84,
98,
76,
120,
94,
112,
75,
102,
83,
51,
44,
24,
107,
0,
10,
64,
88,
22,
19,
6,
21,
51,
6,
31,
2,
43,
100,
122,
27,
84,
127,
66,
18,
35,
123,
66,
27,
25,
6,
66,
27,
50,
72,
6,
18,
125,
66,
116,
47,
25,
6,
48,
30,
112,
6,
50,
51,
6,
42,
34,
117,
107,
38,
104,
115,
75,
113,
66,
110,
93,
66,
120,
26,
70,
51,
66,
112,
93,
104,
6,
6,
6,
7,
12,
55,
32,
12,
39,
24,
57,
6,
96,
82,
109,
120,
71,
117,
60,
108,
37,
104,
84,
56,
100,
61,
75,
19,
66,
78,
29,
47,
30,
10,
18,
4,
30,
24,
20,
108,
50,
32,
93,
99,
98,
97,
127,
117,
27,
69,
60,
4,
120,
27,
65,
39,
35,
31,
23,
66,
6,
14,
0,
90,
7,
94,
56,
66,
106,
85,
31,
11,
10,
127,
100,
32,
11,
60,
44,
120,
114,
110,
65,
39,
36,
102,
6,
19,
110,
95,
6,
1,
11,
75,
35,
118,
100,
56,
50,
0,
11,
82,
71,
6,
4,
22,
6,
115,
62,
11,
21,
30,
48,
97,
75,
39,
100,
57,
68,
114,
30,
4,
8,
48,
100,
71,
63,
104,
47,
19,
37,
36,
6,
127,
6,
84,
108,
84,
103,
84,
90,
102,
123,
57,
66,
102,
11,
23,
11,
56,
108,
127,
117,
100,
0,
39,
116,
75,
54,
80,
18,
44,
11,
89,
57,
50,
99,
36,
42,
117,
7,
6,
99,
71,
4,
117,
20,
57,
74,
6,
64,
8,
83,
47,
74,
25,
6,
94,
6,
29,
100,
16,
44,
75,
35,
69,
6,
95,
115,
94,
47,
27,
10,
6,
89,
0,
4,
25,
48,
66,
60,
7,
80,
107,
39,
12,
82,
79,
126,
127,
6,
31,
78,
97,
22,
22,
88,
57,
101,
12,
3,
11,
121,
82,
50,
99,
69,
85,
66,
56,
66,
19,
6,
93,
96,
63,
115,
29,
78,
98,
85,
117,
19,
44,
126,
100,
115,
6,
6,
93,
57,
7,
66,
60,
50,
37,
6,
36,
60,
2,
112,
80,
35,
6,
11,
89,
22,
50,
31,
66,
84,
126,
88,
47,
48,
84,
27,
66,
6,
120,
43,
127,
27,
41,
30,
74,
97,
66,
84,
30,
18,
67,
98,
93,
26,
3,
84,
71,
90,
102,
109,
12,
66,
77,
54,
6,
93,
6,
95,
22,
63,
48,
66,
27,
70,
84,
44,
97,
19,
125,
109,
73,
10,
27,
6,
6,
105,
67,
90,
79,
97,
71,
116,
123,
107,
60,
91,
52,
118,
35,
97,
32,
52,
4,
6,
78,
47,
6,
35,
10,
110,
77,
30,
17,
84,
104,
27,
84,
6,
27,
19,
66,
25,
2,
66,
31,
108,
75,
121,
32,
108,
110,
108,
3,
84,
84,
75,
6,
79,
48,
79,
79,
121,
88,
50,
103,
75,
64,
6,
66,
89,
30,
27,
42,
112,
51,
96,
7,
56,
22,
66,
30,
47,
108,
83,
97,
50,
44,
43,
93,
127,
117,
90,
80,
117,
27,
56,
127,
44,
122,
100,
66,
57,
60,
20,
65,
84,
39,
85,
93,
102,
102,
20,
84,
14,
25,
118,
79,
54,
35,
24,
19,
6,
22,
80,
66,
34,
118,
115,
19,
126,
27,
60,
25,
66,
84,
48,
57,
6,
44,
84,
6,
97,
27,
0,
106,
66,
84,
101,
66,
95,
11,
78,
6,
87,
78,
104,
6,
98,
126,
6,
106,
102,
23,
31,
49,
57,
127,
60,
48,
66,
0,
22,
6,
19,
72,
43,
57,
6,
109,
100,
6,
6,
6,
6,
80,
10,
72,
20,
97,
3,
45,
22,
6,
108,
47,
57,
56,
39,
90,
60,
78,
110,
125,
66,
69,
27,
126,
6,
44,
6,
3,
35,
10,
30,
75,
19,
32,
31,
77,
115,
96,
108,
78,
12,
0,
3,
60,
93,
112,
44,
16,
44,
30,
127,
75,
3,
13,
31,
4,
127,
6,
6,
7,
19,
94,
97,
53,
1,
6,
88,
102,
85,
54,
50,
93,
71,
69,
36,
60,
60,
25,
109,
79,
67,
19,
23,
88,
6,
60,
37,
99,
6,
45,
121,
11,
36,
31,
48,
98,
39,
97,
66,
16,
42,
6,
78,
12,
6,
127,
64,
104,
123,
31,
10,
6,
32,
102,
100,
30,
116,
80,
39,
69,
123,
36,
20,
0,
56,
94,
11,
99,
32,
89,
97,
44,
6,
7,
120,
6,
50,
27,
44,
96,
11,
10,
27,
44,
111,
93,
23,
64,
25,
120,
103,
3,
18,
27,
54,
27,
4,
79,
30,
99,
97,
88,
50,
78,
50,
108,
3,
67,
98,
6,
57,
47,
8,
111,
7,
10,
101,
97,
5,
52,
104,
35,
41,
123,
84,
85,
6,
1,
39,
103,
80,
39,
104,
44,
6,
94,
124,
43,
56,
120,
89,
84,
65,
71,
106,
31,
57,
6,
97,
66,
25,
26,
71,
37,
34,
89,
14,
94,
97,
13,
3,
50,
116,
74,
91,
122,
98,
44,
39,
90,
2,
79,
79,
19,
67,
11,
3,
73,
66,
0,
6,
84,
109,
2,
47,
31,
112,
94,
31,
72,
84,
3,
7,
35,
22,
66,
6,
36,
20,
2,
19,
69,
97,
94,
44,
26,
127,
118,
103,
20,
70,
6,
77,
31,
54,
0,
56,
84,
27,
106,
80,
47,
34,
97,
20,
84,
100,
60,
80,
99,
97,
30,
79,
35,
79,
44,
53,
47,
12,
37,
51,
31,
24,
71,
97,
25,
50,
64,
72,
110,
84,
13,
49,
84,
56,
78,
0,
45,
11,
85,
19,
127,
102,
66,
84,
66,
44,
78,
63,
91,
85,
47,
6,
66,
41,
51,
101,
23,
66,
90,
90,
89,
83,
6,
65,
100,
78,
126,
6,
50,
95,
52,
97,
29,
12,
6,
123,
112,
115,
52,
108,
49,
44,
94,
120,
99,
19,
97,
0,
66,
102,
57,
6,
1,
125,
109,
29,
63,
57,
3,
112,
7,
6,
84,
84,
97,
11,
25,
39,
32,
57,
40,
90,
51,
120,
91,
6,
6,
94,
80,
99,
108,
91,
53,
45,
65,
109,
3,
66,
20,
42,
125,
87,
103,
19,
6,
71,
114,
70,
56,
18,
18,
93,
19,
39,
78,
93,
70,
32,
3,
78,
6,
44,
48,
75,
83,
34,
51,
29,
63,
106,
3,
80,
108,
60,
126,
31,
78,
22,
100,
6,
37,
57,
66,
13,
102,
11,
63,
122,
71,
44,
71,
84,
84,
102,
90,
66,
97,
42,
6,
44,
97,
0,
110,
6,
93,
120,
66,
41,
30,
93,
6,
83,
31,
27,
6,
0,
65,
84,
67,
29,
74,
64,
28,
37,
69,
75,
91,
66,
16,
67,
6,
75,
9,
81,
95,
6,
69,
50,
13,
66,
6,
6,
106,
14,
22,
112,
100,
94,
45,
13,
6,
22,
40,
88,
121,
57,
107,
3,
29,
98,
63,
84,
7,
50,
50,
18,
71,
66,
90,
111,
79,
47,
80,
99,
2,
24,
80,
0,
45,
127,
67,
27,
6,
98,
27,
84,
90,
97,
123,
75,
109,
44,
60,
121,
39,
80,
52,
10,
6,
66,
73,
121,
10,
3,
0,
52,
84,
116,
118,
2,
95,
117,
120,
83,
89,
119,
66,
19,
27,
74,
31,
117,
127,
37,
105,
6,
97,
85,
109,
6,
22,
126,
125,
90,
11,
71,
111,
3,
99,
103,
88,
6,
6,
62,
94,
6,
0,
96,
63,
102,
67,
80,
84,
3,
71,
103,
98,
31,
102,
69,
102,
35,
91,
79,
100,
48,
106,
67,
19,
79,
77,
6,
18,
6,
127,
104,
97,
120,
84,
42,
22,
96,
118,
6,
111,
91,
6,
7,
21,
57,
112,
79,
3,
6,
66,
37,
19,
126,
70,
127,
39,
91,
49,
100,
110,
110,
43,
93,
47,
115,
6,
20,
69,
42,
11,
123,
16,
22,
6,
62,
2,
115,
65,
124,
31,
6,
113,
6,
11,
87,
114,
1,
100,
94,
46,
6,
20,
70,
76,
35,
47,
28,
6,
121,
23,
72,
62,
111,
84,
127,
12,
24,
24,
3,
16,
11,
32,
96,
36,
84,
83,
11,
20,
74,
90,
20,
48,
5,
48,
94,
24,
8,
39,
103,
127,
36,
83,
23,
102,
66,
23,
6,
44,
91,
35,
7,
89,
29,
120,
35,
88,
27,
109,
73,
10,
70,
6,
84,
70,
87,
17,
19,
0,
3,
44,
44,
38,
84,
74,
20,
104,
70,
6,
25,
20,
24,
114,
114,
66,
44,
107,
54,
67,
63,
44,
114,
66,
69,
75,
73,
71,
19,
2,
115,
52,
39,
99,
103,
102,
72,
11,
22,
70,
37,
107,
97,
39,
11,
78,
35,
42,
84,
118,
96,
27,
30,
107,
50,
123,
24,
114,
127,
127,
31,
99,
99,
97,
99,
4,
105,
120,
124,
47,
6,
6,
101,
0,
11,
47,
127,
20,
98,
109,
32,
19,
109,
3,
53,
25,
6,
48,
11,
105,
6,
22,
57,
6,
88,
18,
16,
124,
113,
56,
99,
95,
97,
23,
99,
18,
20,
6,
103,
85,
84,
45,
11,
122,
78,
12,
62,
17,
57,
72,
84,
66,
84,
84,
4,
90,
125,
77,
48,
112,
114,
51,
97,
83,
6,
44,
107,
54,
99,
109,
2,
67,
99,
105,
85,
36,
84,
101,
4,
10,
114,
18,
114,
71,
83,
78,
25,
65,
10,
25,
99,
60,
69,
115,
39,
89,
102,
125,
56,
71,
51,
87,
79,
69,
56,
32,
49,
118,
122,
115,
89,
18,
65,
60,
38,
91,
35,
87,
6,
123,
57,
84,
35,
11,
106,
47,
35,
19,
99,
3,
66,
60,
54,
69,
6,
19,
16,
84,
99,
19,
85,
30,
6,
44,
16,
84,
12,
100,
79,
6,
105,
123,
85,
6,
126,
50,
66,
109,
89,
83,
77,
2,
121,
70,
18,
63,
66,
51,
121,
6,
79,
26,
12,
32,
84,
77,
18,
115,
6,
6,
6,
32,
110,
110,
122,
39,
122,
95,
73,
6,
116,
13,
19,
30,
66,
70,
65,
48,
88,
94,
6,
8,
75,
41,
99,
27,
6,
94,
97,
69,
38,
102,
19,
17,
53,
25,
103,
50,
87,
3,
0,
66,
4,
39,
71,
3,
97,
37,
99,
48,
19,
60,
122,
27,
45,
76,
57,
6,
6,
123,
51,
122,
71,
23,
63,
44,
111,
119,
35,
102,
20,
75,
127,
96,
26,
44,
39,
78,
76,
51,
76,
0,
108,
105,
66,
44,
43,
70,
6,
118,
32,
23,
76,
41,
23,
89,
100,
19,
27,
83,
115,
6,
29,
114,
6,
103,
80,
41,
89,
10,
17,
84,
23,
39,
103,
2,
12,
14,
104,
56,
78,
1,
103,
23,
42,
69,
16,
23,
5,
42,
84,
100,
6,
30,
104,
84,
120,
44,
14,
116,
26,
85,
84,
70,
38,
104,
14,
26,
122,
23,
125,
23,
47,
60,
78,
100,
56,
85,
50,
103,
16,
88,
93,
85,
16,
14,
16,
2,
10,
6,
47,
88,
57,
26,
93,
78,
24,
6,
11,
26,
93,
126,
53,
16,
84,
25,
6,
76,
79,
87,
0,
0,
44,
87,
6,
19,
104,
83,
1,
69,
2,
6,
10,
50,
77,
8,
80,
66,
66,
113,
56,
63,
98,
32,
72,
87,
94,
126,
6,
81,
4,
115,
95,
96,
31,
93,
1,
123,
35,
108,
76,
18,
98,
99,
60,
110,
102,
31,
6,
39,
6,
97,
17,
107,
3,
110,
50,
47,
112,
67,
127,
39,
89,
37,
104,
84,
6,
48,
106,
2,
75,
94,
127,
18,
42,
67,
6,
9,
110,
23,
18,
6,
14,
36,
54,
42,
10,
6,
84,
57,
11,
66,
11,
60,
88,
84,
71,
39,
52,
71,
27,
55,
0,
56,
120,
44,
23,
32,
123,
7,
2,
99,
56,
84,
44,
27,
121,
2,
43,
94,
6,
83,
37,
6,
91,
107,
1,
121,
37,
89,
93,
44,
54,
97,
44,
19,
19,
87,
31,
54,
117,
42,
6,
6,
17,
43,
83,
47,
44,
79,
74,
0,
14,
97,
56,
19,
35,
47,
6,
65,
40,
122,
6,
88,
48,
6,
30,
80,
31,
26,
78,
118,
84,
39,
44,
54,
84,
23,
2,
6,
51,
89,
66,
37,
19,
117,
85,
35,
72,
123,
29,
110,
84,
44,
84,
97,
9,
35,
47,
22,
106,
80,
23,
80,
127,
91,
6,
84,
20,
81,
44,
78,
13,
109,
57,
10,
16,
39,
84,
36,
10,
100,
127,
79,
0,
44,
17,
48,
122,
70,
79,
103,
114,
99,
97,
23,
99,
14,
115,
23,
74,
84,
66,
77,
50,
102,
18,
120,
35,
49,
79,
115,
88,
120,
16,
102,
96,
5,
86,
71,
6,
8,
90,
66,
96,
40,
76,
3,
35,
71,
97,
6,
44,
97,
107,
47,
66,
27,
31,
120,
84,
27,
126,
43,
6,
44,
126,
84,
48,
23,
127,
6,
48,
90,
87,
6,
99,
57,
84,
0,
22,
81,
84,
82,
20,
123,
44,
41,
6,
42,
31,
66,
27,
56,
93,
10,
66,
54,
20,
51,
6,
6,
6,
47,
110,
35,
126,
50,
11,
82,
96,
6,
13,
7,
103,
32,
103,
57,
104,
62,
41,
51,
66,
112,
71,
116,
60,
127,
6,
103,
1,
94,
23,
51,
99,
35,
96,
96,
42,
30,
71,
71,
126,
6,
25,
60,
60,
112,
99,
7,
60,
63,
71,
27,
114,
99,
4,
62,
110,
6,
84,
76,
56,
18,
44,
94,
17,
66,
31,
25,
13,
80,
20,
18,
99,
114,
78,
93,
44,
27,
61,
20,
94,
39,
66,
29,
6,
18,
42,
112,
6,
112,
43,
125,
109,
29,
71,
43,
120,
99,
71,
89,
27,
6,
79,
85,
6,
127,
22,
107,
7,
84,
108,
97,
94,
99,
47,
47,
22,
109,
89,
32,
108,
106,
23,
97,
37,
125,
23,
71,
35,
0,
6,
60,
6,
51,
71,
120,
97,
66,
82,
41,
38,
80,
97,
117,
13,
120,
118,
52,
12,
39,
3,
100,
98,
6,
14,
127,
70,
31,
104,
110,
11,
43,
100,
47,
104,
57,
50,
116,
57,
6,
30,
78,
63,
42,
16,
0,
5,
6,
118,
91,
69,
53,
81,
96,
6,
54,
6,
105,
124,
47,
42,
97,
100,
69,
6,
27,
96,
80,
27,
108,
37,
97,
75,
3,
11,
57,
1,
66,
27,
11,
14,
14,
27,
23,
52,
20,
107,
56,
6,
7,
25,
98,
45,
118,
26,
65,
111,
41,
94,
88,
37,
65,
100,
27,
47,
64,
71,
2,
44,
66,
6,
6,
8,
73,
42,
119,
25,
12,
22,
52,
78,
92,
77,
23,
38,
6,
97,
25,
90,
2,
18,
3,
19,
69,
6,
122,
120,
29,
19,
0,
114,
6,
31,
14,
77,
23,
100,
66,
84,
93,
49,
93,
63,
84,
103,
66,
57,
75,
72,
127,
44,
37,
50,
88,
19,
60,
100,
117,
107,
30,
109,
11,
118,
123,
44,
71,
106,
96,
43,
93,
6,
62,
54,
66,
76,
30,
48,
14,
11,
114,
27,
19,
75,
97,
27,
19,
44,
112,
121,
68,
31,
98,
6,
6,
118,
110,
74,
98,
27,
18,
95,
109,
109,
84,
51,
75,
119,
67,
6,
16,
26,
80,
66,
107,
65,
6,
37,
107,
30,
38,
108,
91,
84,
67,
84,
3,
99,
79,
23,
66,
87,
2,
66,
106,
51,
127,
117,
116,
16,
89,
102,
30,
84,
66,
66,
6,
0,
16,
71,
102,
17,
2,
25,
123,
71,
86,
6,
97,
102,
112,
44,
71,
49,
126,
72,
57,
104,
95,
66,
121,
88,
42,
110,
115,
0,
75,
83,
12,
26,
42,
84,
32,
16,
27,
98,
115,
27,
43,
102,
56,
108,
97,
42,
108,
71,
103,
90,
7,
20,
106,
98,
0,
83,
85,
51,
20,
22,
35,
112,
26,
6,
102,
126,
66,
62,
88,
77,
50,
11,
93,
97,
75,
66,
99,
36,
79,
6,
99,
125,
84,
27,
84,
25,
90,
66,
84,
89,
84,
48,
44,
71,
6,
109,
111,
60,
6,
110,
30,
84,
108,
55,
11,
54,
62,
57,
80,
39,
89,
66,
39,
12,
6,
19,
13,
80,
27,
66,
117,
104,
10,
6,
6,
6,
51,
85,
22,
30,
66,
57,
53,
8,
6,
2,
76,
121,
125,
23,
51,
93,
108,
17,
20,
6,
10,
19,
102,
99,
27,
6,
84,
31,
25,
67,
51,
99,
78,
75,
78,
93,
85,
42,
114,
67,
66,
20,
66,
27,
17,
99,
77,
44,
110,
39,
27,
99,
99,
56,
85,
2,
6,
84,
35,
80,
78,
44,
93,
88,
97,
14,
56,
62,
24,
110,
39,
71,
67,
61,
44,
120,
110,
26,
94,
63,
71,
10,
85,
6,
115,
42,
43,
6,
30,
56,
103,
94,
45,
71,
91,
39,
6,
115,
58,
97,
6,
31,
4,
6,
42,
82,
52,
14,
69,
89,
84,
79,
60,
79,
36,
88,
52,
57,
109,
2,
4,
18,
120,
56,
106,
90,
57,
96,
37,
6,
18,
6,
12,
19,
84,
47,
6,
60,
73,
29,
30,
6,
52,
13,
42,
87,
55,
32,
98,
50,
100,
50,
3,
35,
120,
80,
66,
110,
66,
67,
17,
19,
0,
42,
57,
98,
76,
6,
6,
71,
99,
31,
4,
117,
112,
98,
84,
81,
62,
25,
20,
37,
67,
6,
11,
6,
2,
79,
30,
48,
99,
90,
94,
6,
30,
125,
108,
17,
89,
64,
6,
10,
0,
37,
45,
37,
66,
75,
117,
25,
29,
75,
125,
72,
20,
123,
103,
6,
52,
90,
71,
29,
116,
24,
37,
82,
31,
39,
117,
93,
110,
66,
60,
37,
106,
110,
52,
66,
7,
6,
6,
113,
2,
27,
89,
125,
79,
83,
114,
19,
3,
105,
94,
103,
66,
6,
57,
79,
22,
99,
98,
0,
39,
84,
70,
44,
34,
106,
108,
67,
6,
76,
120,
31,
19,
47,
66,
27,
57,
57,
108,
17,
97,
103,
66,
3,
84,
56,
93,
27,
91,
18,
11,
99,
97,
103,
87,
80,
1,
122,
115,
52,
108,
97,
44,
120,
70,
37,
93,
66,
91,
12,
6,
109,
108,
80,
87,
111,
115,
44,
120,
8,
97,
97,
27,
27,
20,
25,
11,
80,
115,
6,
6,
78,
126,
41,
98,
60,
127,
72,
27,
80,
50,
88,
19,
21,
69,
66,
0,
68,
63,
6,
65,
78,
6,
29,
67,
78,
28,
106,
34,
84,
127,
99,
75,
18,
120,
19,
6,
125,
105,
6,
109,
100,
108,
12,
43,
0,
20,
45,
114,
97,
97,
6,
84,
32,
112,
117,
3,
12,
88,
12,
10,
84,
41,
6,
97,
99,
35,
84,
126,
112,
19,
63,
117,
25,
10,
66,
11,
94,
57,
57,
98,
19,
60,
54,
67,
70,
12,
98,
19,
87,
60,
75,
115,
27,
32,
90,
99,
17,
75,
110,
31,
60,
100,
25,
97,
77,
55,
0,
19,
31,
75,
118,
125,
11,
82,
62,
66,
6,
73,
98,
6,
59,
82,
108,
39,
85,
44,
60,
110,
66,
44,
43,
106,
66,
27,
44,
84,
27,
84,
0,
123,
66,
44,
75,
66,
29,
115,
66,
6,
11,
7,
108,
6,
110,
94,
6,
106,
102,
13,
83,
124,
98,
90,
75,
31,
6,
12,
97,
66,
18,
8,
56,
94,
6,
98,
31,
20,
6,
6,
6,
31,
30,
26,
12,
84,
84,
35,
57,
6,
113,
22,
84,
57,
39,
78,
30,
121,
48,
125,
84,
57,
66,
25,
44,
75,
66,
60,
62,
100,
103,
108,
75,
30,
17,
35,
93,
35,
42,
25,
60,
99,
117,
99,
60,
31,
97,
120,
44,
32,
44,
127,
91,
100,
32,
14,
23,
6,
97,
83,
10,
115,
84,
79,
19,
84,
22,
31,
21,
54,
18,
39,
79,
12,
52,
44,
60,
104,
112,
94,
7,
19,
18,
115,
66,
93,
57,
122,
6,
31,
32,
62,
123,
63,
127,
32,
42,
84,
75,
22,
97,
6,
2,
65,
6,
75,
89,
54,
106,
118,
67,
66,
3,
127,
79,
104,
68,
11,
3,
51,
56,
109,
39,
50,
65,
12,
112,
99,
123,
12,
97,
127,
6,
99,
6,
84,
27,
97,
60,
11,
4,
44,
84,
70,
8,
75,
26,
35,
110,
100,
66,
50,
120,
60,
83,
19,
123,
90,
42,
127,
126,
91,
93,
98,
42,
25,
115,
30,
100,
6,
30,
115,
11,
107,
67,
110,
22,
6,
62,
40,
3,
94,
34,
121,
27,
123,
6,
56,
18,
0,
80,
127,
79,
100,
66,
115,
103,
118,
1,
56,
53,
66,
87,
120,
11,
54,
7,
66,
6,
30,
63,
80,
27,
37,
45,
11,
98,
26,
66,
75,
105,
50,
7,
45,
81,
20,
1,
126,
71,
106,
108,
99,
108,
60,
63,
90,
115,
43,
97,
99,
6,
84,
102,
105,
79,
13,
12,
18,
95,
67,
39,
127,
22,
115,
94,
66,
6,
63,
47,
14,
75,
108,
93,
27,
44,
87,
60,
17,
115,
71,
47,
6,
11,
108,
85,
42,
103,
84,
84,
104,
72,
48,
1,
84,
26,
6,
96,
127,
111,
18,
84,
82,
79,
58,
60,
27,
97,
32,
78,
76,
36,
57,
34,
47,
44,
44,
67,
47,
112,
126,
66,
22,
111,
6,
87,
0,
76,
65,
118,
50,
75,
120,
88,
84,
97,
60,
18,
48,
67,
34,
121,
78,
6,
66,
82,
37,
48,
42,
60,
108,
102,
12,
89,
44,
10,
99,
52,
87,
6,
106,
49,
56,
6,
110,
69,
6,
45,
39,
100,
45,
7,
35,
18,
75,
99,
127,
27,
42,
115,
6,
48,
25,
66,
54,
27,
108,
102,
102,
102,
56,
96,
48,
84,
97,
6,
84,
114,
105,
60,
96,
18,
52,
127,
48,
75,
96,
6,
66,
80,
97,
93,
57,
31,
80,
48,
103,
89,
69,
84,
125,
10,
39,
94,
98,
98,
44,
4,
90,
2,
54,
19,
127,
125,
99,
23,
100,
44,
62,
69,
80,
37,
84,
47,
88,
93,
66,
109,
37,
118,
91,
25,
35,
26,
57,
30,
91,
17,
64,
13,
19,
6,
63,
126,
66,
38,
85,
26,
27,
91,
42,
6,
127,
66,
6,
67,
71,
6,
99,
3,
84,
6,
66,
97,
109,
6,
84,
23,
27,
25,
78,
39,
6,
87,
111,
57,
6,
79,
123,
66,
78,
71,
105,
80,
33,
79,
90,
71,
23,
6,
89,
127,
6,
60,
95,
31,
75,
6,
65,
39,
93,
6,
6,
6,
51,
78,
101,
20,
44,
89,
102,
12,
6,
11,
2,
106,
104,
25,
25,
35,
87,
83,
101,
97,
22,
120,
25,
84,
75,
66,
50,
43,
48,
71,
23,
75,
31,
31,
17,
115,
36,
115,
48,
23,
44,
60,
97,
75,
25,
44,
114,
44,
121,
108,
71,
51,
39,
120,
70,
126,
66,
84,
83,
56,
112,
75,
79,
29,
84,
4,
78,
13,
34,
115,
84,
99,
20,
70,
44,
120,
126,
95,
37,
32,
0,
126,
90,
6,
97,
3,
7,
6,
74,
37,
3,
37,
14,
98,
31,
120,
97,
44,
96,
6,
6,
107,
54,
6,
127,
35,
36,
73,
69,
106,
66,
90,
44,
28,
47,
61,
109,
39,
56,
102,
90,
0,
84,
76,
104,
98,
98,
83,
70,
6,
120,
6,
10,
91,
84,
97,
97,
99,
111,
70,
87,
6,
12,
113,
39,
32,
35,
120,
71,
71,
39,
3,
27,
43,
75,
67,
118,
104,
90,
99,
76,
71,
110,
98,
108,
18,
26,
103,
6,
115,
3,
29,
7,
10,
114,
89,
6,
108,
68,
10,
103,
26,
109,
84,
121,
6,
90,
115,
78,
123,
39,
94,
127,
6,
125,
125,
87,
2,
117,
77,
6,
118,
115,
51,
37,
17,
6,
44,
85,
63,
56,
115,
0,
11,
51,
54,
20,
27,
81,
72,
120,
62,
112,
48,
117,
118,
56,
23,
85,
25,
114,
6,
97,
112,
89,
71,
102,
66,
71,
6,
84,
35,
56,
23,
54,
78,
103,
72,
89,
99,
79,
112,
23,
79,
6,
27,
94,
94,
70,
19,
42,
27,
123,
84,
96,
66,
54,
23,
18,
96,
6,
63,
48,
22,
18,
6,
66,
97,
50,
118,
50,
7,
27,
115,
84,
6,
71,
96,
127,
6,
55,
3,
21,
115,
84,
115,
25,
106,
35,
48,
79,
56,
106,
27,
127,
67,
116,
56,
87,
6,
73,
64,
66,
118,
122,
57,
54,
123,
106,
44,
99,
35,
97,
84,
44,
44,
25,
112,
54,
10,
98,
6,
6,
7,
110,
24,
39,
97,
71,
37,
110,
89,
44,
20,
115,
8,
63,
6,
93,
26,
78,
6,
106,
102,
6,
105,
123,
100,
72,
12,
37,
44,
115,
99,
127,
19,
93,
115,
6,
106,
121,
66,
108,
103,
10,
65,
30,
4,
78,
102,
25,
93,
66,
84,
84,
51,
122,
93,
90,
80,
34,
79,
51,
44,
89,
6,
97,
0,
96,
27,
93,
34,
114,
67,
78,
104,
36,
84,
112,
30,
78,
126,
3,
18,
44,
102,
51,
117,
78,
23,
20,
53,
97,
47,
20,
99,
18,
47,
71,
65,
97,
98,
63,
127,
39,
12,
3,
31,
34,
30,
71,
72,
42,
109,
103,
17,
96,
52,
100,
6,
90,
18,
66,
52,
15,
44,
6,
16,
75,
84,
39,
84,
44,
89,
104,
66,
27,
57,
84,
97,
97,
126,
83,
6,
44,
103,
66,
123,
115,
115,
6,
56,
90,
44,
6,
79,
84,
97,
103,
22,
11,
48,
83,
110,
3,
66,
11,
6,
100,
94,
6,
60,
81,
7,
100,
6,
78,
23,
99,
66,
6,
6,
57,
57,
77,
7,
39,
79,
17,
34,
6,
72,
64,
115,
13,
27,
78,
104,
90,
102,
115,
66,
106,
97,
107,
99,
97,
6,
23,
56,
99,
3,
110,
19,
98,
102,
96,
50,
37,
47,
0,
120,
99,
51,
60,
44,
70,
120,
106,
27,
25,
19,
66,
62,
100,
36,
89,
23,
66,
60,
48,
32,
6,
100,
125,
63,
6,
123,
72,
74,
25,
97,
71,
84,
89,
48,
44,
97,
87,
11,
90,
78,
60,
12,
26,
66,
71,
30,
30,
6,
26,
123,
94,
114,
102,
103,
85,
3,
99,
19,
73,
27,
6,
88,
117,
6,
93,
58,
56,
123,
67,
90,
66,
115,
3,
18,
57,
2,
25,
103,
25,
77,
37,
47,
42,
36,
50,
50,
19,
11,
99,
6,
60,
6,
67,
23,
84,
75,
97,
67,
26,
14,
98,
84,
104,
74,
60,
114,
35,
66,
97,
20,
9,
3,
27,
11,
60,
16,
126,
51,
97,
10,
96,
100,
32,
57,
12,
18,
66,
69,
6,
57,
27,
12,
105,
125,
106,
37,
6,
89,
118,
90,
11,
13,
70,
6,
35,
6,
35,
50,
52,
16,
71,
60,
93,
6,
60,
19,
126,
54,
107,
16,
66,
106,
100,
25,
64,
25,
6,
44,
77,
45,
7,
18,
67,
118,
90,
69,
20,
84,
96,
11,
103,
35,
117,
113,
57,
124,
105,
98,
90,
93,
56,
93,
75,
108,
25,
71,
113,
66,
44,
6,
44,
31,
41,
18,
102,
32,
120,
111,
85,
110,
3,
56,
3,
99,
6,
6,
69,
108,
36,
120,
103,
71,
39,
84,
108,
19,
13,
47,
39,
112,
6,
80,
106,
72,
126,
10,
84,
84,
37,
45,
0,
37,
84,
103,
66,
23,
93,
54,
98,
99,
7,
42,
88,
71,
6,
71,
31,
85,
31,
31,
103,
118,
112,
84,
50,
65,
7,
48,
0,
84,
1,
63,
6,
109,
80,
117,
96,
7,
110,
19,
60,
123,
84,
75,
19,
93,
93,
60,
13,
94,
94,
6,
6,
123,
57,
63,
110,
44,
19,
106,
78,
98,
99,
109,
103,
54,
83,
66,
120,
124,
12,
6,
36,
69,
6,
82,
94,
79,
77,
122,
63,
66,
56,
19,
19,
18,
60,
115,
6,
39,
7,
84,
110,
19,
90,
11,
114,
43,
14,
14,
51,
44,
66,
44,
84,
10,
43,
60,
10,
37,
52,
115,
25,
27,
37,
6,
84,
94,
113,
19,
67,
31,
31,
108,
106,
25,
89,
66,
32,
30,
125,
106,
93,
42,
60,
52,
106,
112,
67,
123,
90,
107,
99,
110,
103,
44,
91,
39,
19,
11,
99,
110,
120,
71,
100,
7,
104,
54,
82,
93,
100,
85,
84,
98,
42,
77,
21,
74,
60,
6,
53,
36,
84,
68,
62,
63,
60,
27,
39,
44,
71,
97,
6,
122,
94,
84,
60,
87,
84,
44,
99,
30,
19,
6,
44,
51,
84,
106,
115,
100,
6,
121,
77,
57,
6,
79,
37,
66,
126,
102,
118,
97,
15,
23,
115,
39,
72,
6,
69,
16,
6,
127,
81,
48,
78,
6,
48,
120,
7,
6,
6,
6,
4,
30,
45,
123,
127,
39,
25,
63,
6,
72,
37,
93,
122,
60,
79,
0,
76,
116,
110,
84,
105,
127,
7,
44,
27,
66,
75,
2,
2,
125,
125,
93,
67,
34,
25,
75,
125,
0,
90,
98,
99,
57,
127,
71,
70,
99,
123,
44,
25,
93,
39,
82,
125,
106,
118,
93,
6,
84,
107,
60,
0,
39,
84,
39,
27,
63,
89,
77,
81,
98,
60,
66,
103,
64,
99,
19,
27,
77,
20,
62,
18,
98,
2,
66,
60,
84,
7,
6,
103,
106,
79,
118,
62,
106,
60,
0,
84,
39,
77,
84,
6,
1,
112,
6,
120,
119,
114,
22,
48,
114,
66,
124,
99,
79,
51,
89,
16,
18,
78,
73,
0,
53,
115,
85,
90,
10,
93,
113,
123,
84,
99,
6,
12,
103,
6,
66,
44,
69,
96,
77,
10,
84,
48,
30,
93,
126,
112,
65,
39,
118,
125,
115,
27,
76,
27,
7,
39,
0,
71,
10,
102,
39,
98,
104,
120,
97,
108,
30,
6,
47,
