0.175183,
0.039736,
-0.052656,
0.001300,
0.202251,
0.097102,
-0.005015,
0.018495,
-0.000000,
-0.058755,
-0.000000,
-0.148498,
0.183389,
0.119917,
0.019192,
0.160234,
0.000092,
0.040312,
-0.054060,
-0.144747,
-0.059441,
-0.144568,
0.107016,
0.081091,
0.073315,
-0.181381,
-0.048984,
-0.000000,
-0.032399,
-0.066539,
-0.044023,
-0.104669,
-0.012229,
0.099844,
-0.038616,
-0.066217,
0.243008,
0.095317,
0.262007,
-0.115075,
0.148028,
-0.023540,
0.179760,
-0.090209,
-0.079460,
-0.000001,
-0.050825,
-0.060313,
0.000000,
-0.016332,
-0.018202,
0.213634,
0.174405,
0.007090,
-0.000000,
0.007405,
-0.112286,
0.290498,
0.066854,
-0.003433,
-0.041124,
-0.144677,
-0.043268,
0.020652,
-0.068281,
0.217723,
0.057904,
0.060710,
-0.000000,
0.128039,
-0.013909,
0.063049,
-0.000000,
-0.000000,
-0.062841,
-0.201979,
-0.059559,
-0.131383,
-0.036978,
0.124966,
-0.050438,
0.291055,
0.000000,
-0.093719,
-0.019630,
-0.092010,
0.316918,
-0.066289,
-0.165383,
-0.026090,
0.126956,
-0.052059,
0.015351,
-0.000000,
-0.021168,
0.037212,
0.001931,
0.305506,
0.315176,
-0.131549,
0.045123,
0.000005,
0.077686,
0.127082,
-0.000000,
-0.194481,
-0.062510,
-0.035873,
-0.024484,
0.161289,
0.054603,
-0.176025,
0.530902,
-0.000000,
-0.211632,
-0.024395,
-0.024187,
-0.000302,
0.026555,
0.015560,
-0.059997,
0.051489,
0.063625,
0.008500,
-0.000000,
-0.071449,
-0.104168,
0.284735,
