0.040737,
0.040407,
0.002991,
0.055094,
-0.032064,
0.097202,
0.122786,
0.083387,
0.002402,
0.019221,
0.056233,
0.081191,
0.043003,
0.046423,
0.012098,
0.103602,
0.019310,
0.011584,
-0.048634,
0.097731,
0.033680,
-0.004677,
-0.010494,
0.060974,
-0.025148,
0.044530,
0.002571,
0.055387,
0.050287,
-0.051195,
0.075117,
0.020319,
0.019123,
0.023485,
0.043567,
0.065087,
0.056197,
0.114199,
0.018637,
-0.029468,
-0.002246,
0.062433,
0.075395,
0.056373,
-0.002750,
0.092032,
0.019110,
0.030366,
0.026258,
-0.007376,
0.036936,
0.033815,
0.009723,
0.135485,
-0.079631,
-0.105073,
0.112917,
0.000092,
0.022241,
0.028784,
0.047028,
-0.014278,
0.025421,
-0.085762,
0.005533,
0.028172,
0.044801,
0.045027,
0.104074,
0.046059,
0.101150,
0.026992,
0.019551,
0.042656,
0.007619,
0.045666,
0.007715,
0.008231,
0.059272,
0.066028,
0.061252,
-0.042763,
0.050507,
0.001219,
0.113680,
0.107332,
0.004861,
0.085465,
0.084549,
0.000250,
0.079373,
0.160309,
0.058884,
0.002452,
0.099616,
0.140646,
-0.007638,
0.047674,
0.021185,
-0.003908,
0.098464,
-0.082992,
-0.026180,
0.152568,
0.047058,
0.035237,
-0.008899,
0.093100,
0.042584,
-0.027321,
0.076148,
-0.045052,
0.113589,
0.034682,
0.021911,
0.131178,
0.053989,
0.063724,
0.057029,
0.101559,
-0.009350,
0.083709,
0.072691,
0.062830,
0.019311,
-0.020141,
0.004998,
0.058313,
0.139452,
0.027671,
0.022076,
0.078472,
0.002528,
0.086927,
0.000661,
0.054450,
0.033236,
0.064697,
-0.008226,
0.085710,
0.015404,
0.003853,
0.070130,
0.036183,
0.066420,
0.108265,
-0.054915,
0.075118,
0.004406,
0.078451,
-0.022066,
0.017131,
0.026039,
0.065431,
0.005631,
0.054713,
0.042745,
0.152352,
0.033970,
0.057442,
0.007318,
0.010211,
0.070933,
0.009847,
0.010251,
0.004354,
0.064290,
0.036545,
0.055387,
0.009066,
0.088636,
0.038876,
-0.099657,
0.012689,
0.001608,
0.051351,
0.050067,
0.090565,
0.039306,
0.087126,
0.063613,
0.114074,
0.083899,
0.025529,
0.001953,
0.013688,
0.001254,
0.085259,
-0.003098,
0.000720,
0.037429,
0.016054,
-0.044938,
-0.001968,
0.030504,
0.071942,
0.019987,
0.078064,
0.027441,
0.083074,
-0.007749,
0.003726,
0.065950,
0.103490,
0.133394,
0.017969,
0.046754,
0.027165,
0.073433,
0.025873,
-0.021292,
-0.020499,
-0.015460,
0.091032,
0.025466,
0.035331,
0.028825,
0.061355,
0.078639,
0.106197,
0.000627,
-0.003429,
0.030518,
0.089924,
0.052961,
0.067126,
0.053657,
0.031831,
0.009623,
0.059582,
-0.000950,
0.044541,
0.047280,
0.033802,
0.039749,
-0.047983,
-0.000206,
-0.006332,
0.035414,
-0.004112,
0.025534,
0.042944,
0.007465,
0.019821,
0.061506,
0.019683,
0.007382,
0.039697,
0.054086,
0.025775,
0.129333,
0.005123,
0.055246,
-0.099877,
0.107804,
0.016696,
-0.031785,
0.127662,
-0.028176,
-0.000432,
0.022383,
0.027879,
-0.056512,
0.036707,
0.082304,
0.048231,
-0.054079,
0.008029,
0.113581,
0.037922,
0.056506,
0.001981,
0.012799,
-0.012419,
0.051968,
0.164095,
0.008054,
0.110337,
0.045904,
0.078369,
0.026422,
0.013074,
0.015105,
0.142303,
0.061204,
0.068377,
0.046141,
0.027941,
-0.000922,
0.094213,
0.062143,
0.007843,
0.017395,
0.077632,
0.007050,
-0.010763,
0.023039,
0.084704,
0.071372,
0.090413,
0.076940,
0.033018,
0.027304,
0.084834,
0.067236,
0.037876,
0.000639,
0.013853,
0.000054,
-0.070866,
0.046619,
-0.018960,
-0.055065,
0.055969,
0.023896,
0.003708,
0.041021,
0.031152,
0.025583,
0.065801,
0.065078,
0.053574,
-0.001896,
0.035859,
0.004632,
-0.027215,
0.016508,
0.030207,
0.013553,
0.111727,
0.109805,
0.115201,
0.051598,
-0.016243,
0.053708,
-0.023561,
0.051959,
0.006734,
0.045681,
0.140897,
0.065131,
-0.022061,
0.063668,
0.069277,
0.028733,
-0.000000,
0.050196,
0.033790,
0.139227,
0.030261,
0.026476,
0.092853,
0.072666,
0.042577,
0.021594,
0.123134,
-0.063742,
0.166032,
0.013702,
0.080488,
0.044078,
0.002828,
0.054985,
0.074342,
-0.003581,
-0.092017,
0.000030,
0.060618,
-0.019847,
0.027529,
0.047317,
0.028748,
0.063172,
-0.009273,
-0.003724,
0.007164,
0.044327,
0.054394,
0.031494,
0.024976,
0.063572,
0.030351,
0.032104,
0.083867,
0.022214,
0.000114,
0.014473,
0.033172,
0.002665,
0.012714,
0.007723,
0.016931,
0.013422,
0.035931,
0.000317,
0.019753,
0.005333,
-0.002629,
0.010801,
0.047573,
0.000144,
0.036274,
0.044261,
0.049577,
-0.035118,
0.057140,
0.061107,
0.042839,
0.076019,
0.047847,
0.059079,
-0.016926,
0.056542,
0.039921,
-0.068599,
0.026988,
0.074414,
0.003017,
-0.020646,
0.026824,
0.000508,
0.096609,
0.036232,
-0.103242,
0.068903,
0.055707,
0.048626,
0.014131,
0.067305,
0.049027,
0.004167,
-0.006170,
0.026802,
0.100514,
0.040020,
0.053488,
0.007755,
0.013668,
-0.007644,
0.010660,
0.083432,
-0.101368,
0.026077,
0.041817,
-0.017832,
0.064737,
0.046214,
0.006309,
-0.059993,
0.000417,
0.047199,
0.075353,
0.006541,
0.004991,
-0.000298,
0.103817,
-0.007638,
0.003955,
0.027932,
0.100580,
0.114388,
0.074716,
0.083255,
0.029631,
0.004909,
0.003167,
0.089754,
0.061059,
0.072671,
0.000309,
0.005796,
0.075430,
0.078882,
0.106899,
-0.000520,
0.072386,
0.017824,
0.149058,
0.007571,
0.011192,
0.000015,
0.013252,
0.043465,
0.007141,
0.029733,
0.098169,
0.073930,
0.001332,
0.051465,
0.058020,
0.062895,
0.000776,
0.017548,
0.066510,
0.031405,
0.017273,
0.004550,
0.142727,
0.060829,
0.005744,
0.069799,
0.027957,
0.039652,
0.105789,
0.119990,
0.045671,
-0.006316,
0.137931,
0.022713,
0.028145,
0.075550,
0.081048,
