0
235
2
3
4
5
235
7
8
235
235
11
12
13
14
235
235
235
18
235
20
21
22
235
235
25
235
235
235
235
30
31
32
235
34
35
36
235
235
39
40
235
235
235
235
45
235
235
235
235
235
51
235
53
54
55
235
57
58
59
60
61
235
235
64
65
66
67
68
235
70
71
235
235
74
235
76
235
235
235
80
81
235
235
84
85
86
87
88
235
235
235
235
93
94
95
96
235
235
235
100
235
102
103
235
235
106
235
235
235
110
235
112
235
114
115
235
235
118
235
120
121
235
123
124
125
126
235
235
129
235
131
132
133
134
135
136
137
235
139
235
235
235
143
235
235
235
147
235
235
235
235
152
153
235
155
235
157
235
235
160
161
162
235
235
235
166
235
235
169
170
235
172
235
235
235
176
177
178
179
235
181
235
183
235
185
186
187
235
235
235
235
192
235
235
195
235
197
235
199
200
235
235
235
235
205
206
235
235
235
235
235
212
213
214
215
235
235
218
219
235
221
235
223
235
235
235
227
228
235
235
235
232
235
234
235
235
235
235
235
240
241
242
243
244
245
246
235
235
249
250
251
235
235
254
255
235
235
258
235
260
235
235
235
264
235
266
267
235
235
235
271
235
273
235
235
276
235
235
279
235
281
282
235
284
235
235
235
288
289
235
291
292
293
235
295
235
235
298
299
300
301
302
235
304
305
306
307
235
235
310
235
235
313
235
315
235
235
235
235
235
321
322
323
235
235
235
235
328
329
235
331
235
235
334
235
336
337
338
339
235
235
342
343
235
235
346
235
235
349
235
235
352
353
235
355
235
357
235
359
235
235
362
363
235
235
366
367
368
369
370
371
372
373
374
375
235
235
378
379
380
381
382
235
235
235
235
235
235
389
235
235
392
235
235
395
396
235
398
235
235
235
235
403
404
405
406
235
408
409
410
411
412
235
235
235
416
235
235
235
235
421
235
423
235
425
235
427
428
429
430
431
235
433
235
435
436
437
235
439
440
441
442
235
444
235
446
235
235
235
450
235
235
453
454
235
235
235
458
459
460
461
235
235
464
465
466
235
235
235
470
471
235
473
474
475
235
235
235
479
480
481
482
235
484
235
235
487
488
235
490
235
235
493
235
235
235
235
235
499
235
235
235
235
235
505
235
507
235
509
510
511
