23, 11, 56, 100, 51, 62, 31, 25, 13, 115, 22, 97, 90, 117, 42, 109, 113, 87, 52, 83, 69, 120, 74, 65, 126, 106, 127, 5, 26, 96, 72, 36, 61, 40, 104, 13, 15, 70, 52, 123, 83, 90, 116, 73, 120, 79, 26, 108, 63, 5, 107, 11, 97, 68, 29, 89, 102, 125, 64, 33, 65, 69, 49, 67
47, 47, 25, 47, 47, 47, 25, 47, 47, 47, 47, 47, 47, 47, 25, 47, 47, 25, 25, 47, 47, 47, 47, 47, 47, 25, 47, 25, 47, 47, 47, 47, 47, 47, 47, 1, 25, 47, 25, 25, 47, 47, 47, 47, 47, 47, 47, 47, 47, 25, 47, 47, 47, 47, 47, 47, 47, 25, 47, 47, 47, 47, 47, 47
25, 1, 50, 47, 84, 25, 53, 47, 70, 25, 47, 1, 84, 25, 50, 47, 47, 98, 53, 1, 1, 84, 47, 47, 25, 53, 25, 50, 1, 25, 3, 25, 25, 47, 1, 18, 50, 47, 53, 48, 1, 84, 25, 47, 3, 25, 1, 47, 47, 50, 47, 1, 1, 47, 47, 47, 25, 50, 84, 25, 47, 1, 47, 25
47, 47, 25, 47, 1, 25, 50, 47, 1, 25, 47, 47, 1, 25, 25, 47, 47, 50, 25, 47, 47, 1, 47, 47, 25, 50, 47, 25, 47, 25, 1, 25, 47, 47, 47, 84, 25, 47, 25, 50, 47, 1, 25, 47, 1, 47, 1, 47, 47, 25, 47, 47, 47, 47, 47, 47, 25, 25, 1, 25, 47, 47, 47, 47
3, 39, 109, 53, 122, 76, 40, 47, 61, 2, 98, 78, 49, 28, 82, 25, 1, 100, 89, 29, 80, 46, 1, 53, 27, 63, 18, 34, 35, 41, 92, 57, 84, 50, 85, 112, 101, 25, 10, 73, 29, 103, 32, 53, 55, 70, 9, 48, 50, 89, 25, 39, 74, 48, 47, 50, 121, 34, 88, 21, 98, 85, 1, 84
109, 112, 108, 74, 117, 73, 69, 47, 116, 100, 88, 79, 33, 10, 22, 48, 38, 97, 83, 8, 75, 115, 70, 122, 65, 104, 89, 68, 86, 73, 62, 63, 107, 80, 54, 16, 108, 25, 11, 26, 30, 6, 65, 35, 102, 34, 58, 55, 85, 83, 53, 118, 7, 113, 84, 29, 100, 68, 111, 63, 49, 23, 57, 82
18, 85, 89, 53, 88, 94, 100, 47, 67, 76, 48, 24, 55, 21, 34, 50, 84, 73, 63, 39, 74, 8, 1, 98, 109, 73, 57, 40, 103, 27, 118, 121, 3, 50, 35, 54, 34, 25, 63, 65, 80, 46, 71, 98, 61, 124, 49, 29, 53, 40, 25, 78, 122, 29, 47, 50, 107, 10, 92, 20, 48, 74, 1, 3
3, 29, 109, 50, 24, 99, 40, 47, 119, 21, 98, 78, 103, 124, 82, 25, 1, 100, 89, 48, 80, 46, 1, 53, 27, 63, 18, 34, 43, 38, 92, 28, 84, 50, 85, 37, 71, 25, 10, 73, 29, 122, 107, 53, 55, 3, 35, 98, 50, 89, 25, 39, 74, 48, 47, 50, 2, 109, 88, 57, 98, 80, 1, 84
1, 98, 121, 25, 39, 124, 82, 47, 24, 3, 50, 48, 80, 84, 57, 25, 1, 34, 32, 53, 98, 78, 47, 50, 28, 77, 84, 99, 29, 70, 35, 3, 1, 25, 48, 103, 2, 47, 27, 89, 53, 39, 124, 50, 74, 84, 29, 50, 25, 107, 25, 98, 48, 53, 47, 25, 70, 20, 85, 3, 50, 98, 47, 1
1, 50, 70, 25, 53, 84, 57, 47, 39, 1, 25, 53, 98, 1, 3, 25, 47, 20, 124, 50, 50, 48, 47, 25, 84, 2, 1, 18, 53, 84, 29, 1, 47, 25, 50, 80, 3, 47, 28, 107, 50, 98, 84, 25, 48, 1, 53, 25, 25, 124, 47, 50, 53, 25, 47, 25, 84, 70, 98, 1, 25, 50, 47, 47
25, 3, 48, 1, 57, 53, 85, 47, 94, 53, 1, 18, 2, 50, 48, 47, 25, 35, 39, 84, 3, 41, 25, 1, 98, 78, 50, 29, 28, 53, 32, 50, 25, 47, 70, 101, 48, 47, 80, 122, 84, 21, 98, 1, 76, 50, 28, 84, 1, 39, 47, 3, 124, 84, 47, 47, 53, 29, 121, 50, 1, 3, 25, 25
48, 101, 8, 124, 63, 103, 54, 47, 22, 43, 38, 89, 100, 80, 55, 84, 53, 95, 67, 27, 109, 73, 50, 57, 46, 79, 39, 37, 40, 122, 65, 78, 98, 3, 89, 108, 113, 47, 75, 93, 82, 63, 49, 28, 73, 29, 40, 99, 70, 118, 1, 109, 10, 107, 25, 84, 9, 61, 100, 74, 2, 34, 50, 48
70, 80, 34, 53, 49, 27, 63, 47, 118, 20, 48, 35, 46, 57, 77, 25, 84, 73, 40, 29, 85, 113, 1, 98, 71, 100, 28, 89, 122, 107, 30, 21, 84, 50, 74, 75, 34, 25, 63, 65, 39, 88, 94, 53, 8, 18, 103, 48, 50, 10, 25, 85, 9, 29, 47, 50, 99, 89, 55, 121, 98, 78, 1, 3
113, 22, 96, 89, 69, 117, 15, 25, 90, 79, 100, 68, 104, 67, 111, 20, 35, 5, 126, 65, 108, 97, 29, 40, 33, 56, 37, 116, 11, 114, 51, 23, 103, 101, 68, 64, 102, 84, 42, 52, 65, 69, 91, 10, 26, 8, 11, 100, 34, 126, 28, 22, 83, 73, 53, 27, 4, 62, 97, 110, 63, 108, 85, 46
73, 111, 26, 119, 42, 11, 120, 1, 31, 83, 79, 116, 56, 22, 97, 35, 10, 13, 90, 6, 102, 5, 32, 75, 104, 72, 65, 51, 16, 11, 31, 108, 63, 46, 62, 106, 97, 53, 64, 13, 33, 15, 69, 112, 52, 73, 16, 86, 113, 90, 80, 115, 126, 12, 28, 49, 83, 51, 125, 68, 54, 96, 109, 100
27, 113, 65, 80, 110, 100, 83, 47, 115, 40, 24, 118, 127, 34, 73, 98, 57, 69, 108, 46, 119, 93, 3, 74, 73, 83, 109, 22, 23, 63, 111, 89, 121, 29, 112, 96, 65, 25, 68, 104, 55, 7, 100, 85, 36, 82, 54, 103, 29, 108, 50, 92, 75, 49, 1, 48, 40, 22, 12, 10, 35, 61, 18, 76
76, 46, 73, 29, 23, 63, 108, 47, 33, 89, 43, 30, 79, 77, 100, 53, 28, 83, 22, 49, 113, 95, 84, 85, 100, 68, 82, 65, 118, 40, 36, 34, 21, 48, 119, 115, 73, 25, 108, 69, 88, 54, 63, 39, 12, 32, 67, 9, 29, 22, 50, 55, 112, 122, 1, 98, 10, 65, 4, 34, 78, 92, 70, 121
65, 62, 64, 75, 125, 97, 13, 1, 123, 69, 93, 42, 52, 68, 51, 49, 63, 66, 72, 115, 116, 31, 77, 7, 26, 13, 108, 120, 56, 104, 87, 83, 100, 119, 16, 60, 90, 98, 72, 19, 96, 5, 97, 110, 106, 22, 125, 36, 112, 120, 74, 116, 15, 111, 121, 55, 69, 64, 31, 11, 114, 126, 10, 73
47, 47, 25, 47, 1, 25, 50, 47, 84, 25, 47, 1, 1, 25, 25, 47, 47, 53, 50, 47, 47, 1, 47, 47, 25, 50, 25, 25, 1, 25, 84, 25, 47, 47, 1, 84, 25, 47, 50, 53, 47, 1, 25, 47, 1, 25, 1, 47, 47, 50, 47, 47, 1, 47, 47, 47, 25, 25, 1, 25, 47, 47, 47, 47
118, 83, 42, 63, 97, 102, 52, 25, 72, 36, 65, 69, 51, 4, 116, 82, 88, 106, 125, 108, 11, 90, 85, 73, 62, 31, 110, 56, 104, 111, 120, 58, 113, 89, 69, 72, 16, 3, 5, 87, 68, 26, 96, 100, 64, 75, 97, 22, 40, 56, 38, 83, 104, 108, 48, 34, 33, 15, 90, 93, 73, 11, 122, 61
25, 1, 50, 47, 84, 25, 98, 47, 18, 25, 47, 1, 84, 25, 50, 47, 47, 98, 53, 1, 1, 3, 47, 47, 50, 98, 25, 53, 84, 25, 70, 25, 25, 47, 1, 124, 50, 47, 53, 48, 1, 84, 50, 47, 3, 25, 84, 47, 47, 53, 47, 1, 1, 1, 47, 47, 25, 50, 3, 25, 47, 1, 47, 25
25, 1, 50, 47, 1, 25, 53, 47, 3, 25, 47, 1, 84, 25, 50, 47, 47, 98, 50, 47, 1, 84, 47, 47, 25, 53, 25, 50, 1, 25, 3, 25, 47, 47, 1, 70, 50, 47, 53, 98, 1, 84, 25, 47, 84, 25, 1, 47, 47, 50, 47, 1, 1, 47, 47, 47, 25, 50, 84, 25, 47, 1, 47, 25
53, 121, 122, 84, 109, 85, 113, 47, 100, 29, 18, 27, 34, 48, 43, 1, 50, 112, 46, 21, 99, 10, 25, 3, 74, 119, 98, 49, 71, 80, 63, 48, 50, 84, 32, 100, 9, 47, 55, 75, 2, 34, 85, 3, 40, 98, 77, 124, 84, 88, 47, 20, 82, 28, 25, 1, 39, 103, 89, 29, 70, 76, 25, 53
84, 48, 94, 50, 78, 2, 89, 47, 55, 28, 53, 80, 9, 70, 107, 25, 1, 40, 109, 98, 29, 103, 47, 53, 59, 10, 3, 101, 85, 21, 46, 18, 1, 25, 39, 92, 32, 47, 34, 63, 48, 43, 121, 50, 49, 3, 78, 98, 50, 109, 25, 29, 80, 98, 47, 25, 57, 82, 122, 124, 53, 29, 1, 84
1, 50, 70, 25, 98, 84, 21, 47, 39, 1, 25, 53, 98, 1, 3, 25, 47, 59, 28, 50, 50, 48, 47, 25, 3, 2, 1, 124, 53, 84, 29, 1, 47, 25, 53, 80, 3, 47, 57, 107, 50, 98, 84, 25, 48, 1, 53, 25, 25, 124, 47, 50, 53, 50, 47, 25, 84, 18, 48, 1, 25, 50, 47, 47
47, 47, 47, 47, 47, 47, 47, 47, 25, 47, 47, 47, 47, 47, 47, 47, 47, 47, 47, 47, 47, 25, 47, 47, 47, 47, 47, 47, 47, 47, 25, 47, 47, 47, 47, 25, 47, 47, 47, 47, 47, 47, 47, 47, 25, 47, 47, 47, 47, 47, 47, 47, 47, 47, 47, 47, 47, 47, 25, 47, 47, 47, 47, 47
85, 40, 110, 38, 65, 119, 36, 25, 83, 55, 101, 100, 22, 122, 67, 3, 48, 102, 58, 89, 63, 108, 53, 32, 118, 111, 9, 4, 73, 92, 83, 49, 29, 57, 100, 11, 23, 1, 93, 62, 10, 65, 30, 76, 68, 74, 73, 109, 21, 95, 84, 40, 73, 34, 50, 124, 55, 79, 22, 88, 82, 63, 98, 80
25, 1, 53, 47, 3, 50, 48, 47, 57, 25, 1, 84, 3, 25, 50, 47, 25, 29, 98, 1, 1, 70, 47, 47, 50, 48, 25, 53, 84, 50, 28, 25, 25, 47, 84, 21, 53, 47, 98, 39, 1, 3, 50, 47, 124, 25, 84, 1, 47, 98, 47, 1, 84, 1, 47, 47, 50, 53, 70, 25, 47, 1, 47, 25
25, 47, 50, 47, 1, 25, 50, 47, 3, 25, 47, 1, 1, 25, 25, 47, 47, 53, 50, 47, 1, 84, 47, 47, 25, 53, 25, 50, 1, 25, 84, 25, 47, 47, 1, 3, 25, 47, 50, 98, 47, 1, 25, 47, 84, 25, 1, 47, 47, 50, 47, 47, 1, 47, 47, 47, 25, 50, 84, 25, 47, 1, 47, 47
47, 25, 1, 25, 50, 1, 3, 47, 53, 1, 25, 25, 50, 47, 1, 47, 47, 70, 84, 25, 25, 50, 47, 25, 1, 3, 47, 84, 50, 1, 53, 47, 47, 47, 25, 98, 1, 47, 84, 124, 25, 50, 1, 25, 53, 47, 50, 25, 47, 84, 47, 25, 50, 25, 47, 47, 1, 84, 50, 47, 25, 25, 47, 47
1, 98, 59, 50, 80, 28, 77, 47, 103, 70, 50, 29, 85, 3, 2, 25, 1, 89, 94, 53, 98, 74, 47, 50, 21, 34, 84, 107, 39, 124, 122, 3, 1, 25, 48, 88, 121, 47, 71, 10, 98, 80, 28, 50, 35, 84, 39, 53, 25, 27, 25, 98, 29, 53, 47, 25, 18, 76, 78, 3, 50, 48, 47, 1
89, 23, 83, 122, 111, 22, 97, 47, 42, 73, 92, 12, 102, 100, 68, 29, 32, 51, 69, 118, 79, 62, 28, 88, 108, 26, 63, 11, 36, 65, 16, 100, 71, 78, 95, 56, 68, 50, 104, 90, 75, 115, 22, 49, 116, 10, 33, 119, 43, 69, 98, 110, 93, 37, 3, 80, 65, 11, 96, 73, 55, 7, 38, 34
25, 1, 53, 47, 84, 50, 98, 47, 28, 25, 1, 84, 3, 25, 50, 47, 25, 29, 98, 1, 1, 70, 47, 47, 50, 48, 25, 53, 84, 50, 124, 25, 25, 47, 84, 21, 53, 47, 98, 39, 1, 3, 50, 47, 18, 25, 84, 1, 47, 53, 47, 1, 84, 1, 47, 47, 25, 53, 3, 25, 47, 1, 47, 25
124, 78, 10, 98, 46, 101, 73, 47, 54, 32, 29, 103, 92, 121, 89, 50, 84, 65, 100, 80, 43, 30, 1, 48, 34, 73, 21, 63, 88, 82, 75, 41, 3, 53, 122, 79, 89, 25, 100, 22, 85, 55, 109, 98, 112, 28, 46, 39, 53, 63, 25, 74, 49, 39, 47, 50, 27, 40, 119, 76, 48, 9, 84, 70
25, 84, 98, 47, 18, 53, 39, 47, 76, 50, 1, 3, 28, 50, 98, 47, 25, 85, 29, 84, 84, 21, 47, 1, 53, 80, 25, 48, 70, 50, 20, 50, 25, 47, 3, 32, 98, 47, 29, 74, 84, 124, 53, 1, 2, 25, 18, 1, 47, 48, 47, 84, 3, 1, 47, 47, 50, 48, 57, 50, 1, 3, 25, 25
47, 50, 3, 25, 53, 84, 57, 47, 29, 1, 25, 53, 98, 1, 3, 47, 47, 121, 124, 50, 50, 48, 47, 25, 84, 21, 1, 70, 53, 84, 29, 1, 47, 25, 50, 39, 3, 47, 28, 76, 50, 98, 84, 25, 48, 1, 53, 25, 25, 18, 47, 50, 53, 25, 47, 25, 1, 70, 98, 1, 25, 50, 47, 47
18, 85, 89, 53, 88, 82, 100, 47, 75, 107, 48, 122, 113, 2, 34, 50, 84, 65, 63, 80, 74, 119, 1, 98, 109, 73, 57, 40, 49, 27, 118, 121, 3, 50, 9, 54, 89, 25, 100, 22, 80, 55, 101, 98, 30, 28, 88, 29, 53, 63, 25, 78, 103, 39, 47, 50, 32, 10, 92, 59, 48, 43, 1, 70
84, 98, 99, 50, 80, 28, 77, 47, 49, 70, 50, 29, 78, 3, 2, 25, 1, 89, 94, 53, 48, 43, 47, 50, 21, 34, 84, 32, 39, 124, 122, 3, 1, 25, 48, 88, 38, 47, 71, 10, 98, 85, 57, 50, 9, 84, 39, 53, 25, 27, 25, 98, 29, 53, 47, 25, 18, 107, 74, 70, 50, 48, 1, 1
25, 1, 50, 47, 84, 25, 53, 47, 18, 25, 47, 1, 84, 25, 50, 47, 47, 98, 53, 1, 1, 3, 47, 47, 50, 98, 25, 53, 84, 25, 70, 25, 25, 47, 1, 124, 50, 47, 53, 48, 1, 84, 50, 47, 3, 25, 84, 47, 47, 53, 47, 1, 1, 1, 47, 47, 25, 50, 84, 25, 47, 1, 47, 25
47, 25, 84, 25, 50, 1, 3, 47, 98, 1, 25, 50, 50, 47, 1, 47, 47, 124, 3, 25, 25, 53, 47, 25, 1, 70, 47, 84, 50, 1, 98, 1, 47, 47, 25, 98, 84, 47, 3, 28, 25, 50, 1, 25, 53, 47, 50, 25, 25, 84, 47, 25, 50, 25, 47, 47, 1, 84, 53, 1, 25, 25, 47, 47
25, 3, 29, 1, 21, 98, 78, 47, 71, 53, 84, 124, 121, 50, 48, 47, 25, 24, 80, 84, 70, 76, 25, 1, 98, 43, 50, 39, 28, 53, 94, 50, 25, 1, 18, 109, 48, 47, 85, 103, 3, 2, 98, 1, 32, 50, 57, 84, 1, 39, 47, 3, 28, 84, 47, 47, 53, 29, 59, 53, 1, 70, 25, 25
25, 1, 50, 47, 84, 25, 98, 47, 18, 25, 47, 1, 84, 25, 50, 47, 47, 48, 53, 1, 1, 3, 47, 47, 50, 98, 25, 53, 84, 25, 70, 25, 25, 47, 1, 28, 50, 47, 53, 48, 1, 84, 50, 47, 3, 25, 84, 47, 47, 53, 47, 1, 1, 1, 47, 47, 25, 50, 3, 25, 47, 1, 47, 25
107, 55, 65, 39, 54, 63, 68, 47, 111, 10, 35, 112, 7, 109, 73, 53, 28, 11, 108, 88, 92, 12, 84, 78, 100, 83, 101, 22, 75, 63, 33, 34, 21, 48, 30, 102, 73, 25, 108, 69, 46, 110, 100, 80, 93, 94, 23, 122, 29, 22, 50, 113, 118, 103, 1, 98, 40, 65, 95, 89, 74, 8, 70, 41
47, 50, 3, 25, 53, 84, 28, 47, 29, 1, 25, 50, 98, 1, 84, 47, 47, 121, 18, 25, 50, 98, 47, 25, 84, 21, 1, 70, 53, 84, 48, 1, 47, 25, 50, 39, 3, 47, 28, 99, 50, 53, 84, 25, 48, 1, 53, 25, 25, 18, 47, 50, 53, 25, 47, 25, 1, 70, 98, 1, 25, 50, 47, 47
4, 104, 5, 65, 64, 16, 87, 50, 66, 62, 68, 51, 120, 111, 125, 89, 30, 60, 106, 11, 97, 72, 122, 22, 15, 123, 36, 31, 90, 126, 66, 102, 67, 100, 26, 19, 5, 28, 106, 14, 69, 120, 42, 65, 13, 12, 64, 83, 73, 31, 82, 104, 51, 11, 80, 63, 116, 52, 72, 96, 108, 97, 55, 110
73, 102, 51, 112, 56, 69, 72, 1, 106, 11, 127, 126, 5, 108, 26, 122, 40, 13, 120, 33, 96, 52, 82, 54, 97, 13, 22, 64, 42, 69, 106, 68, 100, 113, 116, 87, 51, 98, 120, 66, 115, 125, 104, 75, 31, 65, 15, 117, 119, 64, 85, 96, 16, 91, 21, 46, 11, 90, 5, 83, 7, 62, 89, 73
1, 53, 57, 25, 48, 3, 76, 47, 78, 84, 50, 98, 29, 84, 124, 25, 47, 82, 121, 50, 53, 39, 47, 25, 70, 32, 1, 21, 98, 3, 85, 84, 1, 25, 98, 43, 28, 47, 59, 109, 53, 48, 70, 25, 80, 1, 48, 50, 25, 2, 47, 53, 98, 50, 47, 25, 3, 57, 39, 84, 50, 53, 47, 1
47, 47, 47, 47, 47, 47, 47, 47, 47, 47, 47, 47, 47, 47, 47, 47, 47, 47, 47, 47, 47, 47, 47, 47, 47, 47, 47, 47, 47, 47, 47, 47, 47, 47, 47, 47, 47, 47, 47, 47, 47, 47, 47, 47, 47, 47, 47, 47, 47, 47, 47, 47, 47, 47, 47, 47, 47, 47, 47, 47, 47, 47, 47, 47
47, 25, 1, 47, 50, 1, 84, 47, 53, 47, 25, 25, 50, 47, 1, 47, 47, 3, 84, 25, 25, 50, 47, 25, 1, 84, 47, 1, 25, 1, 53, 47, 47, 47, 25, 53, 1, 47, 84, 70, 25, 50, 1, 25, 50, 47, 25, 25, 47, 84, 47, 25, 25, 25, 47, 47, 47, 1, 50, 47, 25, 25, 47, 47
1, 50, 124, 25, 98, 3, 38, 47, 85, 84, 25, 53, 48, 1, 70, 25, 47, 32, 21, 50, 53, 29, 47, 25, 3, 76, 1, 57, 98, 84, 80, 1, 47, 25, 53, 78, 18, 47, 2, 82, 50, 48, 3, 25, 39, 1, 98, 50, 25, 57, 47, 53, 98, 50, 47, 25, 84, 28, 29, 84, 25, 53, 47, 1
47, 47, 47, 47, 25, 47, 1, 47, 25, 47, 47, 25, 25, 47, 47, 47, 47, 1, 47, 47, 25, 25, 47, 47, 47, 1, 47, 47, 25, 47, 25, 47, 47, 47, 25, 25, 47, 47, 1, 1, 47, 25, 47, 47, 25, 47, 25, 47, 47, 47, 47, 25, 25, 47, 47, 47, 47, 47, 25, 47, 47, 25, 47, 47
74, 63, 7, 99, 65, 37, 111, 25, 11, 113, 109, 73, 108, 49, 54, 70, 29, 96, 6, 10, 100, 68, 53, 82, 75, 102, 122, 58, 65, 119, 83, 46, 39, 21, 100, 69, 110, 1, 33, 116, 40, 22, 118, 32, 83, 35, 65, 34, 121, 117, 84, 63, 73, 89, 50, 28, 92, 86, 108, 55, 101, 100, 98, 85
34, 67, 68, 35, 36, 65, 104, 47, 16, 100, 55, 4, 111, 63, 108, 48, 76, 26, 11, 30, 54, 96, 124, 49, 22, 97, 10, 83, 117, 73, 116, 63, 94, 85, 79, 42, 68, 50, 69, 51, 118, 33, 65, 122, 62, 89, 93, 113, 78, 11, 53, 23, 114, 119, 84, 39, 73, 83, 102, 100, 88, 110, 2, 77
47, 25, 1, 47, 25, 47, 1, 47, 50, 47, 47, 25, 25, 47, 47, 47, 47, 1, 1, 25, 25, 25, 47, 47, 47, 1, 47, 1, 25, 47, 50, 47, 47, 47, 25, 50, 47, 47, 1, 84, 25, 25, 47, 47, 25, 47, 25, 25, 47, 1, 47, 25, 25, 25, 47, 47, 47, 1, 25, 47, 47, 25, 47, 47
84, 48, 82, 50, 74, 121, 89, 47, 113, 57, 53, 80, 24, 70, 32, 25, 1, 63, 34, 48, 29, 49, 47, 53, 76, 10, 3, 77, 78, 21, 46, 124, 1, 50, 39, 8, 27, 47, 89, 100, 48, 35, 38, 50, 88, 3, 78, 98, 50, 109, 25, 29, 85, 98, 47, 25, 57, 101, 122, 28, 53, 39, 1, 84
1, 53, 57, 25, 48, 70, 32, 47, 43, 3, 50, 98, 29, 84, 28, 25, 47, 101, 20, 50, 53, 80, 47, 25, 18, 94, 1, 2, 48, 3, 78, 84, 1, 25, 98, 9, 28, 47, 76, 34, 53, 29, 70, 25, 85, 1, 48, 50, 25, 121, 25, 53, 98, 50, 47, 25, 3, 21, 39, 84, 50, 98, 47, 1
94, 8, 22, 80, 7, 100, 83, 47, 96, 63, 103, 75, 12, 89, 65, 98, 21, 69, 68, 55, 30, 36, 3, 43, 73, 11, 34, 108, 110, 100, 115, 10, 20, 29, 67, 62, 65, 25, 83, 97, 113, 127, 73, 78, 111, 101, 79, 49, 39, 108, 53, 119, 23, 46, 1, 48, 63, 22, 6, 40, 24, 112, 124, 107
25, 1, 50, 47, 1, 25, 53, 47, 3, 25, 47, 1, 84, 25, 25, 47, 47, 53, 50, 47, 1, 84, 47, 47, 25, 53, 25, 50, 1, 25, 3, 25, 47, 47, 1, 3, 50, 47, 50, 98, 47, 1, 25, 47, 84, 25, 1, 47, 47, 50, 47, 1, 1, 47, 47, 47, 25, 50, 84, 25, 47, 1, 47, 25
70, 80, 34, 53, 103, 32, 63, 47, 112, 38, 48, 43, 88, 57, 77, 25, 84, 73, 10, 29, 85, 113, 1, 98, 82, 100, 124, 89, 24, 76, 61, 21, 84, 50, 74, 67, 109, 25, 63, 73, 39, 49, 27, 53, 92, 70, 122, 48, 50, 10, 25, 80, 35, 29, 47, 50, 59, 89, 55, 2, 98, 78, 1, 3
25, 1, 50, 47, 84, 25, 98, 47, 124, 25, 47, 1, 84, 25, 50, 47, 25, 48, 53, 1, 1, 3, 47, 47, 50, 98, 25, 53, 84, 25, 70, 25, 25, 47, 1, 28, 50, 47, 53, 48, 1, 84, 50, 47, 3, 25, 84, 47, 47, 53, 47, 1, 1, 1, 47, 47, 25, 50, 3, 25, 47, 1, 47, 25
100, 36, 97, 92, 126, 83, 64, 1, 52, 68, 54, 96, 15, 65, 104, 78, 34, 72, 51, 58, 111, 125, 76, 118, 69, 120, 65, 26, 116, 83, 52, 22, 10, 88, 102, 31, 104, 53, 90, 13, 93, 16, 11, 61, 125, 73, 126, 79, 55, 51, 29, 33, 62, 4, 124, 122, 68, 26, 56, 108, 75, 115, 101, 63
1, 98, 20, 25, 39, 124, 101, 47, 103, 70, 50, 48, 85, 84, 21, 25, 1, 34, 27, 53, 98, 74, 47, 50, 57, 109, 84, 107, 29, 18, 24, 3, 1, 25, 48, 49, 121, 47, 82, 10, 98, 80, 28, 50, 43, 84, 39, 53, 25, 32, 25, 98, 29, 53, 47, 25, 70, 99, 78, 3, 50, 48, 47, 1
2, 103, 100, 48, 37, 89, 22, 47, 12, 109, 85, 113, 67, 27, 63, 50, 70, 68, 65, 9, 88, 54, 84, 39, 40, 108, 107, 73, 8, 34, 86, 82, 124, 98, 55, 91, 100, 25, 65, 83, 122, 118, 10, 29, 79, 20, 61, 78, 98, 73, 50, 49, 92, 43, 1, 53, 34, 100, 23, 101, 80, 46, 3, 57
50, 3, 29, 1, 2, 98, 74, 47, 77, 53, 84, 28, 41, 50, 48, 47, 25, 122, 85, 3, 70, 107, 25, 1, 48, 9, 50, 80, 57, 98, 82, 53, 25, 1, 124, 34, 29, 47, 78, 49, 3, 121, 98, 1, 27, 50, 21, 84, 1, 80, 47, 70, 28, 84, 47, 47, 53, 39, 76, 53, 1, 18, 25, 25
24, 100, 93, 94, 108, 23, 96, 25, 104, 37, 89, 65, 68, 55, 4, 28, 39, 16, 115, 63, 73, 11, 98, 109, 79, 116, 46, 33, 22, 67, 69, 92, 85, 41, 65, 97, 58, 1, 102, 15, 100, 68, 54, 101, 11, 103, 108, 10, 107, 111, 3, 73, 22, 63, 50, 2, 118, 36, 83, 119, 34, 73, 29, 43
53, 21, 35, 84, 71, 39, 46, 47, 63, 48, 70, 107, 109, 98, 78, 1, 50, 119, 49, 28, 121, 89, 25, 3, 85, 113, 98, 122, 27, 29, 40, 48, 50, 1, 99, 63, 74, 47, 88, 112, 57, 101, 80, 84, 89, 53, 94, 18, 84, 103, 47, 2, 32, 124, 25, 1, 29, 24, 34, 48, 3, 38, 25, 50
61, 108, 126, 40, 104, 33, 125, 25, 64, 12, 73, 11, 97, 54, 96, 32, 103, 52, 15, 22, 68, 51, 39, 100, 102, 5, 75, 16, 69, 36, 64, 79, 46, 34, 83, 120, 62, 84, 56, 106, 108, 97, 111, 63, 90, 112, 104, 65, 89, 42, 21, 68, 11, 65, 98, 101, 93, 16, 26, 86, 100, 83, 43, 113
84, 48, 32, 50, 85, 57, 34, 47, 46, 124, 53, 39, 74, 3, 59, 25, 1, 10, 101, 98, 48, 24, 47, 50, 121, 89, 3, 82, 80, 28, 49, 70, 1, 25, 29, 55, 76, 47, 109, 63, 98, 78, 21, 50, 122, 84, 85, 53, 50, 71, 25, 48, 39, 98, 47, 25, 28, 27, 35, 18, 53, 29, 1, 84
98, 32, 46, 3, 89, 43, 112, 47, 73, 85, 57, 109, 40, 29, 103, 1, 50, 54, 8, 41, 94, 63, 25, 124, 122, 67, 48, 113, 34, 74, 100, 39, 53, 84, 101, 65, 88, 47, 61, 7, 76, 10, 9, 70, 100, 48, 89, 21, 3, 92, 1, 27, 34, 121, 25, 84, 78, 55, 63, 80, 28, 82, 50, 98
29, 109, 30, 28, 100, 88, 79, 47, 108, 24, 76, 10, 73, 78, 92, 84, 98, 93, 23, 71, 34, 65, 50, 2, 55, 127, 80, 67, 63, 49, 22, 74, 98, 70, 10, 68, 119, 47, 110, 33, 77, 100, 46, 57, 65, 39, 63, 32, 18, 75, 1, 34, 40, 94, 25, 3, 122, 118, 73, 35, 38, 89, 53, 48
47, 47, 25, 47, 1, 25, 50, 47, 84, 25, 47, 1, 1, 25, 25, 47, 47, 50, 50, 47, 47, 1, 47, 47, 25, 50, 25, 25, 1, 25, 84, 25, 47, 47, 47, 84, 25, 47, 50, 53, 47, 1, 25, 47, 1, 47, 1, 47, 47, 25, 47, 47, 1, 47, 47, 47, 25, 25, 1, 25, 47, 47, 47, 47
25, 1, 53, 47, 3, 50, 48, 47, 2, 50, 1, 84, 70, 25, 53, 47, 25, 39, 98, 1, 84, 124, 47, 1, 53, 29, 25, 98, 3, 50, 57, 25, 25, 47, 84, 38, 53, 47, 48, 80, 1, 70, 50, 47, 28, 25, 3, 1, 47, 98, 47, 84, 84, 1, 47, 47, 50, 98, 124, 50, 1, 84, 25, 25
88, 65, 115, 109, 83, 4, 16, 25, 26, 23, 63, 108, 69, 30, 36, 2, 78, 56, 62, 73, 22, 104, 48, 10, 117, 42, 8, 96, 68, 79, 26, 118, 9, 94, 108, 51, 33, 84, 126, 5, 73, 11, 114, 34, 97, 55, 83, 100, 101, 62, 18, 65, 68, 100, 53, 76, 110, 102, 69, 75, 40, 22, 80, 103
50, 28, 78, 1, 32, 29, 49, 47, 10, 48, 3, 38, 71, 53, 80, 1, 25, 113, 24, 18, 57, 109, 25, 84, 39, 46, 53, 43, 76, 48, 89, 98, 50, 1, 2, 40, 85, 47, 103, 8, 124, 94, 29, 84, 34, 53, 107, 3, 1, 9, 47, 57, 59, 70, 25, 1, 48, 74, 77, 98, 84, 21, 25, 50
47, 50, 3, 25, 53, 84, 28, 47, 29, 1, 25, 50, 98, 1, 84, 47, 47, 2, 18, 25, 50, 98, 47, 25, 84, 57, 1, 70, 53, 1, 48, 1, 47, 25, 50, 29, 3, 47, 124, 20, 50, 53, 84, 25, 48, 1, 53, 25, 25, 70, 47, 50, 50, 25, 47, 25, 1, 3, 98, 1, 25, 50, 47, 47
84, 48, 27, 50, 78, 21, 34, 47, 46, 28, 53, 39, 43, 70, 99, 25, 1, 40, 109, 98, 29, 122, 47, 50, 38, 89, 3, 71, 80, 57, 88, 70, 1, 25, 39, 113, 107, 47, 34, 63, 48, 74, 2, 50, 103, 84, 85, 53, 50, 101, 25, 48, 80, 98, 47, 25, 28, 94, 24, 124, 53, 29, 1, 84
25, 1, 50, 47, 84, 50, 98, 47, 124, 25, 47, 1, 3, 25, 50, 47, 25, 48, 53, 1, 1, 3, 47, 47, 50, 98, 25, 53, 84, 25, 18, 25, 25, 47, 1, 28, 50, 47, 98, 29, 1, 84, 50, 47, 70, 25, 84, 1, 47, 53, 47, 1, 84, 1, 47, 47, 25, 53, 3, 25, 47, 1, 47, 25
25, 84, 98, 47, 70, 50, 29, 47, 121, 50, 1, 84, 18, 25, 53, 47, 25, 80, 48, 1, 84, 28, 47, 1, 53, 39, 25, 98, 3, 50, 2, 50, 25, 47, 84, 99, 53, 47, 48, 85, 1, 70, 53, 47, 57, 25, 3, 1, 47, 98, 47, 84, 3, 1, 47, 47, 50, 98, 124, 50, 1, 84, 25, 25
47, 50, 3, 25, 53, 1, 124, 47, 48, 1, 25, 50, 53, 1, 84, 47, 47, 21, 70, 25, 50, 98, 47, 25, 84, 28, 1, 3, 50, 1, 48, 1, 47, 25, 50, 29, 84, 47, 18, 121, 25, 53, 84, 25, 98, 47, 53, 25, 25, 70, 47, 50, 50, 25, 47, 25, 1, 3, 98, 1, 25, 50, 47, 47
3, 29, 101, 50, 9, 41, 10, 47, 8, 21, 98, 85, 103, 124, 94, 25, 1, 100, 89, 48, 39, 88, 1, 53, 32, 63, 70, 34, 74, 121, 113, 28, 84, 50, 80, 30, 82, 25, 10, 100, 29, 24, 76, 53, 46, 3, 43, 98, 50, 34, 25, 39, 78, 48, 47, 25, 2, 109, 49, 57, 53, 80, 1, 84
47, 25, 84, 25, 50, 1, 70, 47, 98, 1, 25, 50, 53, 1, 84, 47, 47, 28, 3, 25, 25, 53, 47, 25, 1, 18, 47, 84, 50, 1, 98, 1, 47, 25, 50, 48, 84, 47, 3, 57, 25, 50, 1, 25, 98, 47, 50, 25, 25, 3, 47, 25, 50, 25, 47, 47, 1, 84, 53, 1, 25, 50, 47, 47
108, 126, 120, 79, 52, 26, 66, 1, 60, 104, 111, 125, 31, 11, 64, 55, 100, 19, 13, 62, 42, 87, 34, 117, 90, 19, 83, 72, 5, 26, 60, 69, 73, 118, 56, 14, 64, 48, 13, 0, 116, 31, 51, 86, 123, 68, 52, 115, 23, 13, 24, 16, 125, 96, 107, 119, 97, 72, 106, 104, 36, 15, 63, 22
25, 1, 53, 47, 3, 50, 48, 47, 21, 50, 1, 84, 70, 25, 53, 47, 25, 39, 98, 1, 84, 124, 47, 47, 50, 29, 25, 98, 3, 50, 57, 25, 25, 47, 84, 121, 53, 47, 48, 80, 1, 3, 50, 47, 28, 25, 3, 1, 47, 98, 47, 1, 84, 1, 47, 47, 50, 53, 18, 25, 1, 84, 25, 25
48, 94, 113, 70, 40, 24, 75, 47, 65, 78, 2, 34, 63, 39, 88, 1, 53, 79, 30, 107, 101, 100, 25, 28, 49, 54, 29, 8, 89, 35, 73, 80, 53, 3, 109, 22, 46, 47, 118, 114, 27, 40, 122, 124, 100, 48, 10, 121, 3, 61, 1, 82, 89, 99, 25, 84, 74, 92, 100, 85, 57, 109, 50, 98
47, 47, 25, 47, 47, 25, 25, 47, 1, 25, 47, 47, 47, 47, 25, 47, 47, 50, 25, 47, 47, 1, 47, 47, 25, 25, 47, 25, 47, 25, 1, 47, 47, 47, 47, 1, 25, 47, 25, 50, 47, 47, 25, 47, 1, 47, 47, 47, 47, 25, 47, 47, 47, 47, 47, 47, 25, 25, 1, 25, 47, 47, 47, 47
47, 25, 84, 25, 53, 1, 18, 47, 48, 1, 25, 50, 53, 1, 84, 47, 47, 57, 3, 25, 50, 98, 47, 25, 84, 124, 1, 3, 50, 1, 98, 1, 47, 25, 50, 48, 84, 47, 70, 2, 25, 53, 1, 25, 98, 47, 50, 25, 25, 3, 47, 25, 50, 25, 47, 47, 1, 3, 53, 1, 25, 50, 47, 47
3, 39, 109, 53, 122, 107, 63, 47, 30, 121, 98, 74, 49, 28, 71, 25, 84, 100, 10, 29, 80, 55, 1, 53, 94, 63, 124, 89, 9, 99, 8, 57, 84, 50, 78, 118, 77, 25, 40, 73, 29, 103, 32, 53, 113, 70, 24, 48, 50, 89, 25, 80, 43, 48, 47, 50, 38, 34, 46, 21, 98, 85, 1, 3
40, 4, 69, 88, 96, 68, 51, 47, 125, 22, 112, 33, 116, 73, 11, 80, 101, 64, 97, 110, 117, 42, 2, 92, 83, 90, 100, 104, 115, 108, 56, 65, 34, 24, 36, 5, 11, 50, 26, 120, 7, 62, 68, 55, 15, 63, 102, 67, 103, 97, 48, 58, 111, 23, 70, 74, 22, 104, 16, 65, 61, 6, 32, 10
1, 53, 28, 25, 48, 3, 59, 47, 78, 84, 50, 98, 29, 1, 18, 25, 47, 94, 2, 50, 53, 39, 47, 25, 70, 107, 1, 57, 98, 3, 80, 84, 47, 25, 53, 74, 124, 47, 38, 101, 50, 48, 3, 25, 39, 1, 98, 50, 25, 21, 47, 53, 98, 50, 47, 25, 84, 57, 29, 84, 25, 53, 47, 1
25, 84, 48, 1, 28, 53, 80, 47, 32, 50, 1, 70, 57, 50, 98, 47, 25, 74, 29, 84, 3, 121, 25, 1, 98, 85, 50, 29, 18, 53, 76, 50, 25, 47, 3, 94, 98, 47, 39, 9, 84, 28, 53, 1, 20, 25, 124, 1, 47, 29, 47, 84, 70, 84, 47, 47, 53, 48, 2, 50, 1, 3, 25, 25
35, 63, 95, 32, 22, 118, 115, 25, 69, 8, 34, 73, 68, 46, 79, 18, 29, 116, 33, 40, 100, 83, 53, 101, 54, 96, 49, 93, 65, 112, 11, 55, 80, 121, 73, 104, 7, 1, 111, 16, 63, 108, 75, 94, 83, 122, 22, 89, 99, 36, 3, 100, 65, 10, 50, 57, 61, 12, 68, 113, 109, 73, 48, 78
18, 85, 89, 53, 88, 82, 100, 47, 75, 76, 48, 24, 55, 21, 34, 50, 84, 73, 63, 39, 74, 8, 1, 98, 109, 73, 57, 40, 103, 27, 118, 121, 3, 50, 9, 54, 89, 25, 100, 65, 80, 46, 101, 98, 30, 124, 49, 29, 53, 63, 25, 78, 122, 39, 47, 50, 32, 10, 92, 41, 48, 43, 1, 70
1, 53, 2, 25, 29, 18, 94, 47, 24, 3, 50, 48, 80, 84, 57, 25, 1, 109, 107, 53, 98, 85, 47, 50, 28, 101, 84, 41, 48, 70, 43, 84, 1, 25, 98, 103, 21, 47, 27, 89, 53, 39, 124, 25, 78, 1, 29, 50, 25, 76, 25, 98, 48, 53, 47, 25, 3, 121, 80, 3, 50, 98, 47, 1
70, 85, 89, 53, 49, 94, 100, 47, 67, 99, 48, 9, 55, 21, 109, 25, 84, 73, 63, 39, 78, 92, 1, 98, 77, 100, 28, 10, 103, 32, 112, 2, 84, 50, 43, 23, 34, 25, 63, 65, 80, 46, 82, 98, 119, 124, 49, 29, 53, 40, 25, 85, 122, 29, 47, 50, 107, 10, 113, 38, 48, 74, 1, 3
25, 1, 53, 47, 3, 50, 48, 47, 57, 50, 1, 84, 70, 25, 53, 47, 25, 29, 98, 1, 1, 18, 47, 47, 50, 48, 25, 98, 84, 50, 28, 25, 25, 47, 84, 2, 53, 47, 98, 39, 1, 3, 50, 47, 124, 25, 3, 1, 47, 98, 47, 1, 84, 1, 47, 47, 50, 53, 70, 25, 1, 84, 25, 25
3, 39, 34, 53, 122, 107, 63, 47, 30, 121, 98, 74, 88, 28, 101, 25, 84, 100, 10, 29, 80, 55, 1, 53, 94, 100, 124, 89, 9, 99, 119, 57, 84, 50, 78, 118, 109, 25, 40, 73, 39, 49, 27, 53, 113, 70, 24, 48, 50, 89, 25, 80, 43, 48, 47, 50, 20, 34, 46, 21, 98, 85, 1, 3
21, 122, 100, 48, 61, 89, 65, 47, 95, 77, 80, 55, 118, 32, 40, 50, 3, 108, 73, 43, 49, 23, 1, 29, 10, 22, 99, 100, 92, 34, 7, 94, 18, 98, 46, 117, 63, 25, 65, 68, 9, 37, 89, 48, 110, 121, 8, 85, 98, 73, 50, 103, 113, 78, 1, 53, 109, 100, 75, 71, 39, 88, 84, 28
80, 89, 23, 2, 73, 113, 117, 47, 68, 88, 94, 100, 65, 9, 112, 3, 48, 111, 4, 34, 40, 22, 50, 76, 61, 36, 74, 110, 100, 55, 68, 122, 48, 28, 63, 83, 67, 1, 114, 102, 89, 73, 8, 38, 108, 85, 73, 101, 57, 79, 84, 10, 100, 109, 25, 70, 46, 54, 22, 49, 32, 63, 98, 39
47, 25, 1, 47, 25, 47, 84, 47, 50, 47, 25, 25, 25, 47, 1, 47, 47, 84, 1, 25, 25, 50, 47, 47, 1, 84, 47, 1, 25, 47, 50, 47, 47, 47, 25, 53, 1, 47, 1, 3, 25, 25, 47, 47, 50, 47, 25, 25, 47, 1, 47, 25, 25, 25, 47, 47, 47, 1, 50, 47, 25, 25, 47, 47
25, 1, 50, 47, 84, 50, 98, 47, 124, 25, 47, 1, 84, 25, 50, 47, 25, 48, 53, 1, 1, 3, 47, 47, 50, 98, 25, 53, 84, 25, 70, 25, 25, 47, 1, 28, 50, 47, 53, 29, 1, 84, 50, 47, 70, 25, 84, 47, 47, 53, 47, 1, 84, 1, 47, 47, 25, 53, 3, 25, 47, 1, 47, 25
50, 18, 80, 1, 99, 48, 24, 47, 34, 98, 84, 21, 32, 53, 39, 47, 25, 88, 74, 70, 28, 82, 25, 84, 29, 103, 53, 78, 121, 48, 109, 53, 25, 1, 57, 89, 39, 47, 9, 55, 70, 107, 48, 1, 101, 50, 20, 3, 1, 74, 47, 124, 2, 3, 25, 1, 98, 85, 94, 98, 84, 28, 25, 50
25, 1, 98, 47, 3, 50, 48, 47, 2, 50, 1, 84, 18, 25, 53, 47, 25, 39, 48, 1, 84, 28, 47, 1, 53, 29, 25, 98, 3, 50, 21, 25, 25, 47, 84, 20, 53, 47, 48, 85, 1, 70, 50, 47, 57, 25, 3, 1, 47, 98, 47, 84, 3, 1, 47, 47, 50, 98, 124, 50, 1, 84, 25, 25
57, 9, 63, 98, 8, 34, 65, 47, 4, 71, 39, 46, 112, 76, 40, 50, 3, 108, 73, 74, 103, 75, 1, 29, 89, 22, 20, 100, 113, 109, 79, 32, 70, 53, 88, 58, 63, 25, 73, 68, 43, 61, 89, 48, 23, 2, 92, 80, 98, 100, 25, 122, 55, 78, 1, 53, 77, 100, 118, 94, 29, 49, 84, 28
1, 50, 18, 25, 98, 84, 121, 47, 80, 84, 25, 53, 48, 1, 70, 25, 47, 107, 57, 50, 53, 29, 47, 25, 3, 41, 1, 28, 98, 84, 39, 1, 47, 25, 53, 85, 70, 47, 21, 94, 50, 98, 3, 25, 29, 1, 98, 50, 25, 57, 47, 50, 53, 50, 47, 25, 84, 124, 48, 84, 25, 53, 47, 1
39, 34, 118, 57, 100, 55, 95, 47, 68, 103, 32, 63, 73, 43, 61, 84, 98, 33, 110, 109, 10, 65, 50, 20, 92, 117, 78, 23, 100, 88, 108, 9, 48, 18, 40, 68, 112, 47, 7, 115, 34, 73, 113, 2, 22, 80, 100, 94, 28, 54, 1, 89, 63, 101, 25, 3, 49, 75, 65, 122, 76, 10, 53, 29
91, 26, 31, 22, 72, 56, 60, 50, 19, 16, 11, 64, 13, 96, 52, 40, 75, 45, 123, 104, 51, 66, 46, 68, 5, 14, 102, 87, 120, 15, 19, 116, 79, 73, 90, 0, 31, 2, 123, 17, 97, 72, 125, 108, 66, 33, 120, 69, 65, 87, 34, 26, 64, 104, 78, 100, 42, 106, 13, 126, 83, 90, 30, 58
10, 79, 11, 103, 115, 108, 26, 47, 56, 65, 119, 91, 62, 100, 83, 39, 82, 90, 104, 23, 86, 126, 57, 55, 68, 51, 63, 69, 111, 22, 15, 73, 109, 43, 117, 125, 83, 50, 97, 64, 54, 96, 108, 88, 16, 40, 115, 112, 24, 104, 98, 7, 33, 67, 3, 85, 65, 69, 116, 73, 92, 58, 76, 89
25, 1, 53, 47, 84, 50, 98, 47, 28, 25, 47, 84, 3, 25, 50, 47, 25, 48, 53, 1, 1, 70, 47, 47, 50, 48, 25, 53, 84, 50, 124, 25, 25, 47, 1, 57, 50, 47, 98, 29, 1, 84, 50, 47, 70, 25, 84, 1, 47, 53, 47, 1, 84, 1, 47, 47, 25, 53, 3, 25, 47, 1, 47, 25
98, 99, 49, 3, 34, 78, 119, 47, 100, 39, 28, 71, 10, 48, 24, 1, 50, 67, 113, 2, 32, 40, 25, 70, 35, 112, 48, 46, 109, 85, 100, 29, 53, 84, 94, 73, 103, 47, 92, 54, 38, 89, 74, 3, 63, 98, 34, 57, 84, 55, 1, 76, 77, 21, 25, 1, 80, 88, 40, 39, 124, 27, 50, 53
25, 84, 98, 47, 70, 50, 29, 47, 38, 50, 1, 3, 124, 25, 53, 47, 25, 80, 48, 1, 84, 28, 47, 1, 53, 39, 25, 98, 3, 50, 2, 50, 25, 47, 84, 76, 53, 47, 48, 78, 1, 18, 53, 1, 57, 25, 70, 1, 47, 48, 47, 84, 3, 1, 47, 47, 50, 98, 28, 50, 1, 84, 25, 25
84, 29, 71, 50, 43, 38, 10, 47, 92, 57, 98, 85, 122, 18, 27, 25, 1, 63, 34, 48, 39, 49, 47, 53, 107, 40, 70, 109, 78, 2, 55, 124, 84, 50, 80, 119, 94, 47, 89, 100, 48, 9, 99, 50, 88, 3, 74, 98, 50, 34, 25, 29, 85, 98, 47, 25, 21, 77, 103, 28, 53, 39, 1, 84
28, 74, 40, 98, 55, 109, 73, 47, 110, 27, 29, 49, 8, 38, 89, 50, 3, 65, 100, 85, 9, 112, 1, 48, 34, 65, 2, 63, 46, 71, 23, 76, 3, 53, 103, 7, 10, 25, 100, 108, 78, 92, 109, 98, 67, 57, 55, 39, 53, 100, 25, 43, 88, 80, 47, 50, 82, 63, 30, 107, 29, 24, 84, 18
84, 98, 76, 50, 80, 28, 109, 47, 49, 70, 53, 29, 78, 3, 121, 25, 1, 89, 82, 98, 48, 43, 47, 50, 21, 34, 84, 32, 39, 124, 122, 3, 1, 25, 48, 46, 20, 47, 101, 40, 98, 85, 57, 50, 9, 84, 39, 53, 25, 94, 25, 98, 29, 53, 47, 25, 18, 107, 74, 70, 50, 48, 1, 1
1, 53, 21, 25, 29, 70, 27, 47, 35, 3, 50, 98, 39, 84, 28, 25, 1, 109, 76, 53, 98, 85, 47, 50, 124, 82, 84, 38, 48, 70, 74, 84, 1, 25, 98, 122, 57, 47, 107, 34, 53, 29, 18, 25, 85, 1, 48, 50, 25, 59, 25, 53, 48, 50, 47, 25, 3, 2, 80, 84, 50, 98, 47, 1
3, 39, 34, 53, 103, 32, 63, 47, 37, 121, 98, 43, 88, 28, 101, 25, 84, 100, 10, 29, 85, 55, 1, 98, 82, 100, 124, 89, 24, 76, 119, 21, 84, 50, 78, 67, 109, 25, 40, 73, 39, 49, 27, 53, 92, 70, 122, 48, 50, 10, 25, 80, 35, 48, 47, 50, 41, 34, 46, 2, 98, 85, 1, 3
28, 43, 63, 98, 113, 109, 73, 47, 79, 82, 39, 88, 61, 99, 10, 50, 3, 22, 100, 78, 122, 118, 1, 48, 89, 65, 121, 100, 55, 77, 54, 107, 70, 53, 49, 86, 40, 25, 73, 108, 74, 8, 34, 48, 75, 21, 55, 80, 98, 100, 25, 9, 46, 85, 1, 53, 71, 63, 112, 27, 29, 122, 84, 124
121, 49, 100, 48, 118, 10, 22, 47, 93, 34, 78, 92, 23, 82, 63, 53, 18, 68, 65, 24, 46, 79, 84, 39, 63, 108, 32, 73, 61, 89, 58, 101, 28, 98, 113, 33, 100, 25, 22, 83, 103, 67, 40, 29, 4, 99, 37, 74, 48, 65, 50, 88, 8, 35, 1, 53, 34, 73, 54, 109, 80, 55, 3, 21
70, 80, 89, 53, 49, 27, 100, 47, 118, 59, 48, 35, 46, 57, 109, 25, 84, 73, 40, 39, 78, 92, 1, 98, 101, 100, 28, 10, 122, 107, 37, 2, 84, 50, 43, 75, 34, 25, 63, 65, 39, 88, 82, 53, 8, 18, 103, 48, 53, 40, 25, 85, 24, 29, 47, 50, 76, 89, 113, 121, 98, 78, 1, 3
84, 98, 107, 50, 85, 57, 34, 47, 88, 18, 53, 29, 74, 3, 38, 25, 1, 10, 71, 98, 48, 9, 47, 50, 2, 34, 3, 94, 39, 28, 103, 70, 1, 25, 29, 46, 99, 47, 109, 40, 98, 78, 21, 50, 122, 84, 80, 53, 25, 82, 25, 48, 39, 53, 47, 25, 124, 32, 43, 70, 50, 48, 1, 1
1, 98, 38, 25, 39, 124, 71, 47, 122, 70, 50, 48, 80, 84, 21, 25, 1, 34, 32, 53, 98, 78, 47, 50, 57, 109, 84, 76, 29, 18, 9, 3, 1, 25, 48, 49, 2, 47, 94, 89, 53, 80, 28, 50, 74, 84, 29, 53, 25, 107, 25, 98, 29, 53, 47, 25, 70, 59, 85, 3, 50, 98, 47, 1
103, 73, 33, 71, 68, 110, 116, 25, 97, 67, 10, 22, 83, 92, 12, 57, 85, 42, 102, 100, 65, 69, 98, 34, 86, 126, 55, 115, 108, 23, 104, 61, 74, 107, 22, 26, 6, 1, 62, 56, 100, 83, 7, 109, 69, 88, 68, 63, 94, 102, 70, 73, 108, 63, 50, 38, 75, 111, 11, 112, 89, 65, 29, 24
25, 1, 50, 47, 84, 25, 53, 47, 70, 25, 47, 1, 84, 25, 50, 47, 47, 98, 53, 1, 1, 3, 47, 47, 50, 98, 25, 50, 1, 25, 70, 25, 25, 47, 1, 124, 50, 47, 53, 48, 1, 84, 25, 47, 3, 25, 84, 47, 47, 53, 47, 1, 1, 47, 47, 47, 25, 50, 84, 25, 47, 1, 47, 25
1, 50, 70, 25, 98, 84, 2, 47, 39, 84, 25, 53, 48, 1, 3, 25, 47, 76, 28, 50, 50, 48, 47, 25, 3, 38, 1, 124, 53, 84, 39, 1, 47, 25, 53, 85, 70, 47, 21, 27, 50, 98, 84, 25, 29, 1, 98, 25, 25, 28, 47, 50, 53, 50, 47, 25, 84, 124, 48, 1, 25, 53, 47, 47
63, 12, 104, 55, 116, 68, 90, 1, 5, 108, 67, 115, 16, 65, 69, 85, 109, 120, 26, 7, 36, 15, 38, 61, 11, 64, 73, 97, 96, 68, 125, 65, 89, 103, 111, 52, 69, 53, 51, 72, 95, 126, 83, 92, 56, 100, 62, 23, 88, 26, 29, 93, 102, 110, 18, 35, 108, 97, 42, 22, 112, 33, 94, 40
25, 47, 25, 47, 1, 25, 50, 47, 84, 25, 47, 1, 1, 25, 25, 47, 47, 53, 50, 47, 47, 1, 47, 47, 25, 50, 25, 50, 1, 25, 84, 25, 47, 47, 1, 3, 25, 47, 50, 53, 47, 1, 25, 47, 84, 25, 1, 47, 47, 50, 47, 47, 1, 47, 47, 47, 25, 25, 1, 25, 47, 1, 47, 47
71, 61, 22, 85, 95, 73, 11, 47, 62, 63, 49, 54, 6, 89, 65, 98, 2, 104, 83, 113, 118, 111, 3, 9, 65, 69, 34, 68, 79, 100, 102, 10, 99, 39, 75, 116, 22, 25, 83, 97, 8, 12, 73, 74, 115, 109, 4, 88, 80, 68, 53, 37, 110, 55, 84, 48, 100, 108, 33, 63, 122, 67, 28, 27
41, 88, 73, 29, 67, 40, 108, 47, 36, 34, 78, 119, 54, 71, 100, 53, 124, 83, 65, 122, 55, 7, 84, 80, 63, 68, 94, 65, 112, 10, 93, 109, 57, 98, 92, 111, 100, 25, 22, 11, 49, 23, 63, 39, 95, 107, 118, 43, 48, 65, 50, 46, 61, 24, 1, 98, 89, 73, 79, 34, 85, 113, 3, 2
3, 39, 34, 53, 122, 107, 63, 47, 30, 121, 98, 74, 88, 28, 71, 25, 84, 100, 10, 29, 80, 55, 1, 53, 94, 100, 124, 89, 9, 99, 8, 57, 84, 50, 78, 118, 109, 25, 40, 73, 39, 103, 32, 53, 113, 70, 24, 48, 50, 89, 25, 80, 43, 48, 47, 50, 38, 34, 46, 21, 98, 85, 1, 3
