249,
249,
2,
249,
249,
5,
6,
249,
249,
249,
249,
249,
12,
249,
249,
249,
249,
249,
249,
249,
249,
21,
249,
249,
24,
249,
26,
249,
249,
29,
249,
249,
32,
33,
249,
249,
249,
37,
249,
249,
40,
249,
249,
43,
249,
249,
249,
47,
48,
49,
50,
51,
249,
249,
54,
55,
56,
57,
249,
249,
60,
61,
249,
63,
249,
65,
66,
249,
249,
249,
249,
249,
249,
73,
249,
75,
249,
77,
249,
249,
80,
249,
249,
249,
249,
249,
249,
249,
88,
89,
249,
249,
249,
93,
94,
95,
249,
97,
98,
249,
249,
249,
102,
249,
104,
105,
249,
107,
108,
249,
249,
111,
249,
249,
114,
249,
249,
249,
118,
119,
249,
121,
122,
249,
249,
249,
249,
249,
128,
249,
249,
131,
249,
249,
134,
249,
249,
249,
138,
249,
249,
249,
249,
249,
249,
249,
249,
249,
249,
249,
150,
249,
249,
153,
249,
155,
249,
157,
158,
159,
249,
249,
249,
163,
164,
165,
249,
249,
249,
249,
249,
249,
249,
173,
249,
249,
249,
249,
249,
179,
249,
181,
249,
183,
184,
185,
249,
249,
188,
249,
249,
249,
249,
193,
249,
249,
249,
249,
198,
249,
249,
201,
249,
249,
249,
249,
249,
249,
249,
209,
249,
249,
249,
249,
249,
249,
249,
249,
249,
249,
249,
249,
249,
223,
249,
225,
226,
227,
228,
249,
249,
231,
232,
249,
234,
249,
249,
237,
238,
249,
249,
249,
249,
243,
249,
245,
249,
249,
249,
249,
249,
249,
252,
249,
249,
249,
256,
249,
249,
249,
249,
261,
249,
249,
249,
265,
249,
249,
268,
269,
249,
249,
249,
249,
249,
249,
249,
277,
249,
249,
249,
249,
249,
249,
249,
249,
286,
287,
288,
249,
249,
291,
249,
249,
294,
249,
296,
249,
249,
249,
249,
301,
249,
249,
304,
305,
249,
249,
249,
249,
249,
249,
249,
249,
249,
249,
249,
317,
249,
319,
249,
321,
322,
249,
249,
249,
326,
249,
249,
249,
249,
249,
249,
249,
249,
249,
249,
249,
338,
249,
340,
249,
249,
343,
249,
249,
249,
249,
249,
349,
249,
351,
249,
249,
249,
249,
249,
249,
249,
249,
249,
249,
249,
249,
364,
365,
366,
367,
249,
249,
249,
249,
249,
249,
249,
249,
249,
249,
249,
379,
249,
381,
249,
249,
249,
249,
249,
387,
249,
389,
249,
249,
249,
249,
249,
249,
249,
249,
249,
249,
249,
249,
249,
249,
249,
405,
249,
407,
249,
409,
249,
249,
412,
249,
414,
249,
249,
249,
418,
249,
420,
421,
422,
249,
424,
425,
249,
249,
249,
249,
249,
431,
432,
433,
434,
249,
249,
249,
249,
249,
249,
249,
249,
249,
444,
249,
446,
447,
249,
449,
450,
451,
249,
249,
454,
249,
456,
457,
458,
249,
249,
461,
249,
249,
464,
249,
249,
249,
468,
249,
249,
249,
249,
473,
249,
249,
249,
249,
478,
249,
249,
249,
249,
483,
484,
249,
486,
249,
488,
249,
490,
249,
249,
249,
249,
249,
496,
497,
498,
249,
249,
501,
502,
249,
249,
249,
506,
249,
508,
249,
249,
511,
