0.027907,
0.060635,
-0.220329,
0.046534,
0.208025,
-0.144730,
0.064270,
0.049529,
-0.188028,
-0.087763,
0.096219,
-0.023506,
-0.017397,
0.054722,
0.044326,
-0.032351,
-0.187436,
-0.171517,
-0.139702,
-0.099223,
0.184497,
0.017533,
-0.149067,
-0.157137,
-0.230265,
-0.113756,
0.007986,
-0.030355,
-0.060282,
0.006661,
0.092640,
0.076490,
-0.122048,
0.007222,
0.195638,
-0.066241,
0.096077,
0.076276,
-0.074215,
-0.158009,
0.024025,
-0.059463,
0.100187,
0.155585,
0.095779,
-0.284622,
-0.423455,
-0.163322,
0.027380,
-0.011806,
0.304243,
-0.091603,
-0.227111,
-0.229589,
-0.242570,
-0.193712,
0.112850,
0.109106,
0.046983,
-0.040634,
0.110758,
-0.032789,
-0.120559,
0.032256,
-0.018423,
0.084491,
-0.018694,
-0.044250,
-0.209394,
-0.157194,
-0.050594,
0.205565,
0.061808,
0.099588,
-0.020054,
-0.431360,
-0.475870,
0.096242,
-0.013664,
0.070580,
0.326987,
-0.379560,
-0.261101,
-0.161312,
-0.048718,
-0.273232,
0.239142,
0.103586,
0.029165,
-0.181109,
-0.065777,
-0.139155,
-0.091007,
0.055997,
-0.081338,
0.055124,
-0.166128,
-0.198233,
-0.201204,
0.048920,
-0.216713,
0.137563,
0.007545,
0.181188,
-0.139417,
-0.239336,
-0.325772,
0.114124,
0.171849,
0.140189,
0.386637,
-0.287730,
-0.181193,
-0.348340,
0.055971,
-0.186397,
0.266314,
-0.030171,
0.015778,
-0.228441,
-0.131008,
-0.339619,
-0.102479,
0.284929,
-0.217216,
-0.011329,
-0.164509,
-0.175480,
-0.137644,
0.292875,
-0.192089,
0.035662,
-0.062459,
0.035515,
-0.072631,
0.142812,
-0.230021,
-0.086357,
0.070163,
0.030237,
0.130684,
-0.176009,
-0.272584,
-0.244949,
0.018233,
-0.059584,
0.052117,
-0.191133,
0.043101,
-0.168391,
-0.207986,
-0.019079,
-0.011569,
-0.054866,
0.025103,
-0.189331,
-0.113748,
-0.046075,
0.028053,
-0.128076,
0.111132,
-0.176614,
-0.038559,
0.200872,
0.008871,
-0.042906,
0.093252,
0.010929,
0.012323,
0.079708,
0.183533,
0.004535,
-0.011277,
-0.030474,
-0.272356,
-0.269438,
-0.023270,
0.096075,
0.144182,
0.124896,
-0.271732,
-0.038298,
-0.015419,
-0.238762,
0.190408,
-0.138916,
-0.187156,
0.096934,
0.090981,
-0.119971,
0.023045,
0.095571,
-0.228104,
-0.124357,
0.112181,
0.044463,
-0.214073,
-0.124818,
-0.212365,
-0.118247,
-0.039535,
0.078273,
-0.128073,
-0.142373,
-0.013992,
0.004966,
-0.212794,
0.124887,
-0.007240,
-0.038498,
0.025082,
0.000733,
0.112295,
0.025498,
0.145349,
-0.036231,
0.037217,
-0.112961,
0.050145,
0.135465,
-0.198961,
-0.268293,
0.083557,
-0.150565,
-0.128791,
0.064413,
-0.145205,
-0.333716,
0.155024,
0.200599,
-0.108827,
-0.055282,
-0.056187,
-0.189093,
0.192986,
0.165892,
0.072747,
-0.159348,
0.087800,
0.068386,
0.181393,
0.037332,
0.098334,
-0.010714,
-0.012611,
-0.030830,
0.293630,
0.073560,
-0.036853,
-0.055581,
-0.105289,
-0.317321,
0.150493,
0.180807,
0.111439,
-0.167006,
0.007055,
-0.118874,
0.165843,
0.119508,
0.048076,
-0.062402,
-0.109832,
0.043280,
-0.005640,
-0.085051,
-0.033054,
0.039770,
-0.072082,
0.105959,
0.067681,
0.121221,
0.077959,
-0.310044,
-0.124570,
0.114693,
0.033016,
0.076163,
-0.011239,
-0.063327,
0.044640,
-0.013750,
0.040127,
0.079950,
0.072891,
0.223586,
-0.124417,
0.103185,
-0.039644,
-0.077209,
-0.031543,
0.083729,
-0.213817,
0.077229,
-0.199264,
-0.330287,
-0.189712,
-0.076760,
-0.112111,
0.113299,
0.018254,
-0.049474,
0.093636,
0.052720,
-0.159913,
0.016771,
-0.180284,
-0.095879,
0.018451,
0.085023,
-0.020158,
-0.127395,
-0.145124,
-0.115506,
-0.131065,
0.074693,
-0.077346,
-0.106101,
0.159386,
0.063294,
-0.089593,
0.017948,
-0.176979,
-0.023901,
0.138005,
0.043207,
-0.041503,
-0.073618,
-0.254374,
0.048619,
0.114476,
0.079706,
0.169496,
-0.105052,
-0.134440,
-0.052770,
0.119353,
-0.006452,
0.226485,
0.069363,
-0.154381,
-0.513501,
-0.272776,
-0.328703,
0.201524,
0.131594,
-0.106786,
-0.365654,
-0.234386,
0.128951,
-0.142639,
-0.019132,
0.029060,
0.044566,
0.142046,
0.009948,
-0.039682,
-0.134848,
-0.177386,
0.135558,
-0.091995,
0.116744,
0.056542,
-0.026829,
0.050932,
0.042727,
0.096849,
0.185860,
0.179422,
-0.253462,
-0.288389,
-0.176265,
0.109635,
-0.113746,
0.364825,
0.010779,
-0.299393,
-0.234979,
-0.064160,
-0.298886,
0.156361,
0.303673,
0.010276,
0.134508,
-0.162532,
-0.174322,
-0.120176,
0.115367,
-0.115114,
0.111766,
-0.131036,
-0.070462,
0.089305,
-0.094868,
0.053244,
-0.054734,
-0.000425,
0.123536,
0.117405,
-0.212666,
-0.102077,
-0.067914,
0.133134,
0.033117,
0.260739,
-0.334173,
-0.329870,
-0.231322,
0.095303,
-0.054943,
0.112300,
0.180838,
-0.060287,
-0.067079,
0.024899,
-0.013710,
-0.088584,
0.153236,
0.017276,
-0.031148,
0.071532,
0.069308,
0.208115,
0.195812,
-0.087495,
-0.078081,
-0.081376,
-0.065503,
0.006435,
0.216015,
-0.128569,
-0.292953,
0.018013,
0.056121,
-0.138425,
-0.371442,
-0.170866,
-0.092563,
-0.013765,
0.014856,
0.003911,
-0.147877,
0.100051,
-0.049246,
-0.003884,
-0.004320,
-0.148703,
-0.168782,
-0.030596,
0.203951,
0.153253,
0.022791,
-0.153816,
-0.119603,
-0.162038,
-0.006351,
0.179981,
0.005626,
-0.225521,
-0.179876,
-0.144725,
0.068820,
0.177184,
0.015822,
-0.053595,
-0.120406,
0.070338,
0.047251,
0.132969,
-0.041475,
0.089262,
0.051180,
-0.124317,
-0.107307,
-0.043872,
0.049375,
-0.047939,
0.109169,
-0.043453,
-0.226862,
0.010306,
0.026989,
-0.214094,
0.279770,
-0.172330,
0.011794,
0.121811,
-0.042452,
-0.278928,
0.043297,
-0.276057,
0.078452,
0.221011,
0.050575,
-0.167416,
-0.305136,
-0.304831,
0.134993,
0.333977,
0.170004,
-0.038227,
-0.544441,
-0.320012,
0.038563,
0.247851,
0.109630,
0.137965,
-0.312431,
-0.176631,
0.106328,
-0.103326,
-0.116683,
0.042464,
0.352191,
-0.243089,
-0.042626,
-0.123884,
-0.265632,
-0.099750,
0.328357,
-0.129379,
0.132502,
-0.189841,
-0.114214,
-0.181196,
0.238199,
-0.379846,
0.125285,
-0.242897,
0.074577,
-0.224749,
0.057680,
-0.362471,
0.152550,
-0.055120,
-0.054696,
-0.128390,
-0.181946,
-0.224068,
0.180546,
0.010227,
-0.023855,
0.100039,
0.110671,
-0.186565,
-0.043569,
-0.229186,
-0.208301,
0.132725,
0.167108,
0.014268,
0.000734,
-0.194817,
-0.277496,
0.123598,
0.186322,
-0.118188,
-0.086348,
-0.123783,
-0.519412,
0.095127,
0.201939,
-0.197364,
-0.045392,
-0.188199,
-0.361585,
-0.128006,
0.179334,
-0.001262,
0.098254,
-0.005054,
-0.021136,
0.083349,
-0.078235,
-0.117633,
-0.159319,
0.019459,
-0.069576,
0.082516,
0.072231,
-0.014095,
-0.188853,
0.039699,
0.080047,
-0.024855,
0.085500,
0.127763,
-0.044008,
0.093408,
0.105336,
0.003356,
0.145938,
0.152789,
-0.106043,
0.164584,
0.030785,
0.010561,
0.203912,
0.141685,
0.042838,
0.237982,
0.168531,
-0.138367,
-0.036096,
0.029396,
-0.146627,
0.286133,
0.070933,
-0.088937,
-0.128438,
0.101127,
-0.079953,
0.172497,
0.058035,
-0.010391,
-0.004891,
0.286477,
0.069927,
-0.159485,
0.008932,
0.037032,
0.160171,
0.027227,
0.003650,
-0.121081,
-0.194109,
0.171759,
0.111934,
-0.056247,
0.025298,
-0.198915,
-0.081105,
-0.177087,
-0.060251,
-0.056180,
0.106726,
-0.229629,
-0.109959,
0.029755,
0.105424,
-0.042983,
0.048128,
-0.309536,
-0.215643,
0.149047,
0.154471,
-0.128347,
-0.001968,
-0.283242,
-0.272347,
-0.027039,
0.276286,
-0.212829,
-0.314575,
-0.190736,
-0.110907,
-0.119782,
0.096786,
-0.182806,
-0.168206,
-0.038228,
-0.098769,
0.051609,
0.039446,
0.021221,
0.051300,
-0.114317,
-0.269603,
0.114335,
0.044872,
-0.240786,
0.009418,
-0.233147,
-0.271472,
-0.047439,
0.003462,
-0.311818,
0.010238,
-0.145103,
0.067499,
-0.006752,
0.028234,
-0.097008,
-0.115535,
0.034736,
0.125555,
0.029495,
-0.074884,
0.013646,
-0.070021,
0.049305,
0.027065,
0.066758,
0.074796,
0.140426,
-0.122918,
-0.028411,
-0.094656,
0.088018,
0.101804,
-0.110852,
-0.203311,
-0.059535,
0.027672,
0.016187,
-0.110422,
0.070024,
-0.095007,
-0.086708,
0.065469,
0.066190,
-0.320028,
-0.006068,
-0.051269,
-0.051397,
0.001012,
0.100042,
-0.107663,
0.071460,
0.026278,
0.069761,
-0.001983,
0.056096,
-0.219359,
-0.269911,
-0.042368,
0.086242,
0.033965,
0.141569,
-0.397363,
-0.041474,
-0.121281,
0.058920,
-0.019182,
0.164667,
-0.408778,
0.042720,
-0.084465,
0.015178,
-0.057311,
0.037869,
-0.286892,
0.097088,
-0.125859,
0.053131,
0.005370,
0.017246,
-0.259363,
0.066942,
-0.041852,
0.018256,
-0.091696,
0.168898,
0.014407,
-0.012929,
0.136547,
-0.085257,
-0.170417,
-0.008724,
0.018684,
0.135387,
0.091887,
-0.121618,
-0.008700,
0.080860,
0.015861,
0.154082,
0.199096,
-0.060222,
-0.049496,
0.140992,
-0.019060,
0.054651,
0.048719,
-0.250009,
-0.307442,
0.078200,
0.144045,
-0.048706,
-0.039597,
-0.130145,
-0.059625,
0.024315,
-0.279804,
0.073594,
0.071661,
-0.167981,
-0.181390,
0.115538,
-0.039513,
0.073609,
0.197813,
-0.306425,
0.002862,
0.079467,
0.007133,
0.079599,
-0.053961,
-0.216173,
-0.167849,
-0.070923,
0.035916,
-0.061988,
-0.124349,
0.020851,
0.232578,
-0.058141,
0.072043,
-0.071467,
-0.164054,
-0.176044,
-0.185485,
0.016357,
-0.203171,
0.123600,
0.164336,
-0.199443,
-0.112848,
0.091358,
-0.036160,
0.216338,
-0.056539,
-0.254346,
-0.262358,
0.023965,
0.109390,
0.070345,
-0.279015,
-0.347542,
-0.091313,
-0.140358,
-0.045895,
0.145852,
-0.196874,
0.060964,
0.297870,
0.087678,
0.002415,
0.074549,
-0.149408,
-0.146196,
-0.031376,
0.086599,
-0.098889,
0.195637,
0.040974,
-0.329200,
-0.118324,
0.029790,
0.047244,
0.216447,
-0.121616,
-0.294876,
-0.182459,
-0.004672,
-0.245512,
0.023019,
-0.253138,
-0.150867,
-0.014514,
0.118970,
-0.177665,
0.212695,
-0.229589,
-0.118543,
0.119435,
-0.088641,
-0.005838,
0.158971,
-0.005060,
-0.154148,
-0.127862,
0.165667,
0.062469,
0.255072,
-0.013546,
-0.000628,
0.052419,
0.055135,
-0.218530,
0.216027,
-0.141962,
-0.052845,
-0.115654,
0.121051,
-0.231021,
0.104949,
-0.156677,
-0.091045,
-0.061427,
0.139421,
0.065658,
0.197980,
-0.141132,
-0.062792,
0.124572,
-0.124899,
0.058399,
0.129978,
-0.065369,
0.085341,
-0.006339,
-0.008330,
0.118385,
0.033449,
0.013866,
-0.027495,
-0.063470,
-0.115719,
0.006404,
-0.109664,
-0.043847,
0.084879,
-0.043056,
-0.135578,
-0.112925,
0.262403,
-0.053508,
0.132865,
0.026826,
-0.086247,
-0.224669,
0.324654,
-0.045612,
0.126057,
0.017066,
-0.100090,
-0.346241,
0.248674,
0.097641,
-0.238812,
-0.132600,
-0.219549,
0.050785,
-0.137746,
0.119297,
-0.004366,
-0.100000,
-0.154521,
-0.086622,
-0.065809,
0.099445,
0.075676,
0.107770,
-0.059551,
-0.000014,
0.073396,
-0.053527,
0.094674,
0.044605,
-0.199355,
-0.091824,
0.045855,
0.077281,
0.067021,
0.149379,
0.106301,
0.015855,
-0.019252,
0.046132,
-0.099938,
-0.287971,
-0.059795,
0.256370,
-0.159708,
0.090421,
-0.141506,
-0.270879,
-0.077760,
0.063457,
-0.176027,
0.082912,
-0.016986,
-0.139780,
-0.047672,
0.206011,
-0.213367,
0.075110,
-0.060255,
-0.234884,
-0.057231,
0.220581,
-0.136311,
-0.023175,
-0.106968,
-0.176516,
0.070966,
0.198844,
-0.127389,
-0.143162,
-0.058844,
-0.023088,
-0.058779,
0.110577,
-0.030844,
-0.107133,
0.088969,
-0.001988,
-0.030028,
0.129460,
-0.121551,
-0.109000,
0.063715,
0.013757,
0.045856,
0.079380,
-0.085184,
-0.146386,
0.026345,
0.022397,
-0.012406,
0.065237,
-0.177529,
-0.244833,
0.012136,
0.040533,
-0.030645,
-0.101674,
-0.120046,
-0.097028,
0.104747,
0.070947,
0.045624,
-0.019255,
0.118836,
-0.047503,
-0.040718,
0.172783,
-0.078741,
0.088407,
0.162186,
-0.115033,
0.087481,
0.094815,
0.008047,
-0.005865,
-0.051812,
-0.121081,
-0.047482,
0.097981,
-0.067763,
-0.057898,
-0.126681,
-0.139937,
0.014354,
0.081167,
-0.043568,
-0.177009,
0.007260,
-0.024285,
0.046543,
0.014244,
0.005918,
0.022605,
-0.159056,
-0.098793,
-0.022619,
-0.127460,
-0.026208,
0.056768,
0.067516,
-0.075319,
-0.079127,
-0.103100,
-0.155084,
-0.119300,
0.121782,
-0.070254,
-0.049173,
0.043122,
-0.168286,
-0.257080,
0.114011,
-0.037239,
-0.020882,
0.035536,
0.026110,
-0.255810,
0.142137,
0.089232,
-0.001033,
-0.067316,
0.082704,
0.100452,
-0.057636,
-0.027961,
-0.209403,
-0.222937,
-0.055926,
0.040018,
0.042455,
-0.033781,
-0.170648,
-0.105004,
-0.176214,
-0.034065,
0.067949,
0.019453,
-0.092322,
0.015417,
-0.177422,
-0.069972,
0.010140,
0.137161,
0.063294,
0.008371,
-0.078068,
-0.174195,
-0.032263,
0.053281,
0.049465,
0.075084,
0.166331,
0.141989,
-0.067787,
-0.177777,
0.123147,
-0.061908,
0.099881,
0.144645,
-0.244519,
-0.062795,
0.137405,
-0.150927,
0.124708,
0.174808,
-0.165765,
-0.167806,
0.114481,
-0.336683,
-0.058732,
0.181682,
-0.131607,
-0.069271,
-0.058023,
-0.139127,
-0.098614,
0.121156,
-0.156956,
0.017777,
-0.002306,
0.104182,
0.087435,
-0.133572,
0.005732,
-0.038254,
-0.009170,
0.191919,
0.046601,
-0.060740,
-0.137959,
-0.048907,
0.118075,
0.177728,
0.123150,
0.157555,
-0.139758,
-0.271561,
0.283468,
0.043629,
0.242174,
0.183139,
-0.153282,
-0.221946,
0.024408,
-0.045367,
-0.048231,
0.159792,
-0.031017,
0.085018,
-0.142916,
-0.073078,
0.219186,
-0.404693,
0.048017,
0.029715,
-0.107517,
-0.054867,
0.010217,
-0.441260,
-0.016389,
0.124023,
-0.031061,
0.109902,
-0.110100,
-0.307217,
-0.167295,
0.097916,
0.034847,
0.082864,
0.078039,
-0.053032,
-0.114103,
-0.052472,
0.062332,
0.033508,
-0.017918,
-0.095423,
0.067400,
0.029914,
-0.241898,
-0.211388,
0.034516,
-0.071235,
-0.169133,
0.117914,
-0.210494,
-0.098905,
0.090853,
0.016522,
0.053557,
-0.063790,
-0.307941,
-0.234341,
0.078387,
-0.034233,
0.001530,
-0.149314,
-0.070716,
0.118969,
-0.193565,
-0.049207,
0.182671,
-0.061374,
0.125278,
0.184562,
0.054431,
-0.063956,
0.028317,
0.011585,
-0.304049,
-0.252394,
0.097407,
-0.000657,
-0.129387,
0.221068,
-0.345935,
-0.122175,
-0.038772,
0.018295,
0.142858,
-0.209206,
-0.283329,
-0.149630,
-0.055277,
-0.135252,
0.197101,
-0.120690,
0.032509,
0.217246,
0.058976,
-0.057525,
0.261679,
0.037268,
0.020018,
0.198057,
0.145976,
-0.053068,
0.012429,
-0.030458,
-0.132792,
-0.025180,
0.093238,
-0.109914,
-0.127403,
0.052760,
-0.340949,
-0.234924,
-0.014958,
-0.159398,
0.152475,
-0.314277,
-0.366617,
-0.197983,
0.044192,
-0.140813,
0.234110,
-0.114626,
-0.133625,
0.097694,
0.076610,
-0.113222,
0.266567,
0.025945,
-0.008183,
0.005405,
0.061723,
0.064423,
-0.104343,
0.033980,
-0.066114,
-0.061555,
0.025258,
-0.235649,
0.057441,
0.018799,
-0.066365,
-0.045757,
-0.003752,
-0.318292,
0.102992,
-0.147249,
-0.080805,
-0.133957,
-0.043746,
-0.058971,
0.280161,
-0.162481,
-0.046775,
0.023412,
-0.025932,
0.069037,
0.159335,
0.054142,
0.059732,
0.097923,
0.026011,
-0.060888,
-0.133578,
-0.087186,
-0.030128,
0.016523,
0.156355,
-0.193529,
0.025930,
0.048345,
0.030005,
0.048841,
0.062704,
-0.036481,
0.206681,
-0.289790,
0.045549,
0.082048,
0.074569,
0.172976,
0.197006,
-0.220979,
0.103257,
0.055273,
-0.053767,
0.144415,
-0.011197,
-0.063508,
-0.018573,
0.131761,
-0.023720,
0.061256,
-0.125835,
-0.105407,
-0.129385,
-0.084379,
0.020560,
0.069595,
0.117200,
-0.041915,
-0.086806,
-0.064790,
0.004940,
-0.053333,
0.056719,
-0.029988,
-0.176691,
-0.084206,
0.041905,
-0.081847,
0.020973,
0.003950,
-0.164705,
-0.065316,
0.139205,
-0.022425,
-0.017344,
-0.055770,
-0.322051,
-0.161621,
-0.007843,
0.002712,
-0.017060,
0.004573,
0.089101,
-0.105778,
0.128628,
0.063155,
-0.092520,
0.042966,
0.179644,
-0.120582,
0.007539,
0.069503,
-0.132464,
-0.042992,
0.144927,
-0.216381,
-0.033794,
0.191304,
-0.162809,
-0.130926,
0.031497,
-0.173880,
-0.048809,
0.220911,
-0.254440,
-0.192689,
-0.010444,
-0.233294,
-0.029070,
0.120405,
-0.111054,
-0.167790,
0.194533,
0.219628,
0.008187,
-0.258356,
-0.051619,
-0.000961,
0.275531,
0.069215,
0.166730,
-0.037857,
-0.153090,
-0.036237,
0.150506,
0.120785,
-0.107041,
-0.017040,
-0.108208,
-0.149131,
0.225799,
0.146574,
-0.073505,
-0.129999,
-0.227078,
-0.166511,
0.178733,
0.104127,
-0.020222,
-0.169977,
-0.109784,
-0.002599,
-0.037213,
0.031531,
0.028502,
-0.079549,
0.046719,
0.091540,
0.169666,
0.056742,
-0.134296,
0.025360,
-0.075780,
0.138757,
0.214042,
0.007315,
0.059365,
0.129401,
-0.140704,
0.078610,
0.096083,
0.094783,
-0.001187,
0.034776,
-0.161531,
0.023754,
-0.129169,
-0.222768,
-0.025738,
-0.119932,
-0.103858,
0.092636,
-0.258667,
-0.158503,
-0.092122,
0.086079,
0.129622,
0.112695,
-0.151049,
0.061493,
-0.078216,
-0.010341,
0.098950,
0.129104,
-0.075261,
-0.088044,
0.019308,
0.077316,
-0.184627,
0.056865,
-0.218195,
-0.123120,
-0.064947,
0.079412,
-0.158955,
-0.026875,
-0.180013,
-0.219001,
-0.042219,
0.001428,
0.032279,
0.058024,
0.012114,
0.049063,
-0.007407,
-0.356889,
-0.116219,
0.064670,
0.027020,
-0.066718,
0.185029,
-0.007436,
-0.023175,
-0.094702,
-0.187993,
-0.356938,
0.074424,
0.283949,
0.027446,
-0.042281,
-0.520343,
-0.371688,
-0.456849,
0.172547,
0.155178,
0.115594,
-0.323658,
-0.290054,
-0.179398,
-0.136895,
0.008097,
0.201939,
-0.032775,
0.173410,
-0.104679,
-0.451356,
0.151460,
0.116096,
-0.030094,
0.115558,
0.076284,
-0.152795,
-0.055190,
-0.185968,
-0.154933,
-0.028072,
0.114356,
0.049934,
0.172066,
-0.151868,
-0.257375,
-0.183377,
0.000124,
0.147249,
0.247793,
-0.008406,
-0.412800,
-0.293831,
0.010446,
0.090215,
0.018389,
0.018685,
-0.081580,
-0.000311,
-0.118623,
-0.281357,
0.013173,
0.144146,
-0.090895,
0.022223,
-0.069413,
-0.294997,
-0.088754,
-0.036863,
-0.131703,
-0.036974,
0.107197,
-0.136842,
0.120422,
-0.208603,
-0.185489,
-0.039607,
-0.012291,
0.067388,
0.276779,
0.052552,
-0.295839,
-0.151754,
-0.046238,
0.118036,
0.102170,
-0.011445,
-0.036894,
-0.022194,
-0.165198,
0.025773,
0.034824,
-0.004843,
0.065611,
-0.036718,
-0.165616,
-0.195531,
-0.015255,
-0.131913,
-0.082383,
0.000311,
-0.013251,
-0.279110,
0.232354,
-0.121984,
-0.119770,
-0.037896,
0.065489,
-0.055641,
0.114268,
0.074548,
-0.210980,
-0.080897,
0.016602,
0.054060,
0.065132,
0.053446,
0.095351,
0.144875,
-0.261971,
0.023343,
0.068433,
-0.015219,
0.063686,
-0.014639,
-0.084640,
-0.149310,
0.065525,
0.016723,
0.042242,
0.006191,
0.107197,
-0.081927,
0.044384,
0.005773,
-0.051811,
0.014700,
0.170307,
-0.021625,
0.051497,
0.004245,
-0.143510,
0.038142,
-0.020133,
0.053162,
-0.004956,
-0.139922,
-0.100452,
-0.103706,
0.123982,
-0.063069,
-0.046070,
-0.036805,
-0.334789,
-0.020336,
-0.108907,
0.062228,
0.125948,
-0.185764,
-0.000634,
0.014443,
-0.147599,
0.109724,
-0.026751,
-0.248491,
0.039151,
0.107355,
-0.191482,
0.134060,
-0.018025,
-0.198807,
-0.027843,
0.003193,
-0.153851,
0.045512,
0.102022,
-0.008725,
-0.135997,
-0.164960,
0.113222,
-0.180585,
-0.015413,
-0.318301,
-0.187187,
0.057758,
-0.172202,
0.023349,
0.163880,
-0.394003,
0.174577,
0.258844,
-0.130951,
-0.004746,
-0.123311,
-0.094333,
0.183191,
0.082046,
-0.083309,
0.135450,
-0.183077,
-0.149402,
0.030320,
0.026290,
-0.240693,
0.068565,
0.044634,
-0.037615,
-0.054531,
-0.194222,
0.159888,
-0.347739,
-0.035725,
-0.458166,
-0.563883,
-0.285866,
0.016987,
0.014206,
0.212033,
-0.256987,
-0.016384,
0.138115,
-0.165664,
-0.047229,
0.011534,
0.064106,
0.138347,
0.084937,
-0.043826,
-0.082263,
-0.121009,
-0.035117,
0.025656,
0.077495,
-0.235142,
0.063205,
0.061221,
-0.076340,
0.146076,
0.104584,
0.275533,
-0.289031,
-0.137752,
-0.422350,
-0.043097,
-0.365664,
0.240701,
0.184485,
0.158559,
-0.095047,
-0.149492,
-0.159344,
-0.135637,
0.195798,
0.025963,
0.022705,
0.108079,
0.079696,
-0.169012,
-0.022565,
-0.149958,
-0.171833,
0.137350,
0.086475,
-0.200538,
0.068696,
0.066983,
-0.043701,
0.065138,
0.118448,
0.128084,
-0.338781,
-0.345951,
-0.058662,
0.213475,
-0.025444,
0.279872,
-0.022286,
-0.035522,
-0.097840,
0.054786,
-0.037143,
0.071190,
0.213389,
0.000689,
-0.039315,
0.066752,
0.053290,
-0.200483,
0.092642,
0.023964,
-0.033827,
-0.007030,
-0.070418,
-0.156097,
0.069505,
-0.041410,
0.195319,
-0.045906,
-0.108620,
-0.115344,
0.118577,
-0.094396,
0.088504,
-0.217203,
-0.276909,
0.149973,
0.069283,
-0.208544,
-0.112226,
-0.185305,
-0.114861,
0.157271,
-0.045177,
-0.052207,
-0.510929,
-0.053272,
-0.054579,
-0.097640,
0.057449,
0.009665,
-0.294824,
0.005503,
0.006216,
-0.149520,
-0.030545,
0.078410,
-0.168863,
0.044988,
-0.005572,
0.127730,
0.065953,
-0.318609,
0.009249,
-0.120095,
-0.050926,
0.016773,
-0.124009,
-0.082451,
-0.191647,
0.132030,
0.044602,
-0.091081,
-0.155712,
0.066338,
-0.378971,
0.271164,
0.138083,
0.032815,
-0.085546,
0.013893,
-0.076999,
0.181898,
0.026332,
0.099762,
0.101754,
0.002421,
-0.038463,
-0.167525,
-0.072806,
-0.006081,
0.000626,
-0.079093,
-0.072336,
-0.141177,
0.048656,
-0.042622,
-0.372610,
0.187606,
-0.189957,
0.057227,
0.153796,
0.020461,
-0.411535,
0.168369,
-0.044929,
0.216591,
0.125308,
0.011007,
-0.315705,
0.046223,
0.083080,
0.141129,
-0.064761,
0.108977,
-0.216937,
-0.148732,
0.105817,
-0.172317,
-0.006361,
-0.016912,
-0.311625,
0.076064,
-0.083789,
-0.057763,
-0.089939,
0.248049,
-0.073334,
0.120700,
-0.030621,
0.011834,
-0.221327,
0.053488,
0.134080,
0.147724,
0.049216,
-0.066317,
-0.050213,
-0.391913,
0.017802,
0.025521,
0.129278,
0.014213,
0.011915,
-0.031753,
-0.375781,
-0.305420,
0.182776,
-0.071420,
-0.011711,
0.001219,
-0.085324,
-0.020216,
-0.037501,
0.071597,
0.033580,
0.156244,
0.040471,
0.014192,
-0.108275,
0.110195,
-0.081540,
0.232081,
0.130671,
0.056857,
-0.037287,
-0.191657,
-0.256256,
-0.122627,
0.066453,
0.128616,
0.089839,
-0.319751,
-0.195771,
-0.195841,
-0.101321,
-0.022722,
0.071092,
0.000555,
-0.052232,
0.058674,
-0.041040,
0.096783,
0.076963,
-0.193765,
-0.093423,
0.103506,
0.105434,
-0.005247,
-0.012502,
-0.220082,
-0.156415,
-0.009366,
-0.031133,
-0.188021,
-0.008556,
-0.104738,
0.034240,
-0.123679,
-0.172059,
-0.001315,
-0.014913,
-0.064495,
-0.132630,
-0.069033,
-0.104172,
0.007174,
0.060634,
0.110703,
-0.029636,
0.100924,
-0.044491,
0.012897,
-0.081704,
-0.091284,
-0.075746,
-0.061653,
-0.142456,
-0.045996,
-0.077761,
-0.058579,
-0.009872,
-0.004906,
-0.237768,
0.027421,
0.002081,
-0.054088,
0.026436,
0.081983,
-0.200445,
-0.056714,
0.019249,
0.002322,
-0.073618,
0.036155,
-0.156113,
-0.016792,
0.076593,
0.175136,
0.094124,
0.192684,
-0.089847,
-0.229939,
-0.047706,
0.237656,
-0.047004,
0.130485,
0.017491,
-0.124201,
-0.036278,
0.103594,
-0.061240,
-0.023223,
0.161825,
-0.139684,
-0.085429,
0.042926,
0.032587,
-0.099339,
0.033793,
-0.248867,
-0.055632,
0.073576,
0.006811,
-0.028532,
0.032281,
-0.141761,
-0.063798,
0.132444,
0.139648,
-0.035492,
0.121732,
-0.273235,
0.162764,
0.348050,
0.136506,
0.162678,
0.146339,
-0.208640,
-0.149854,
0.270661,
0.121960,
-0.051199,
0.130967,
-0.206889,
-0.242324,
0.264853,
0.114640,
-0.172523,
0.065083,
-0.229331,
-0.004776,
0.068642,
0.105868,
-0.054453,
-0.000368,
-0.120288,
0.179582,
-0.062293,
-0.032331,
0.020977,
0.234015,
-0.030764,
0.053703,
0.016058,
0.114600,
-0.127892,
0.248319,
-0.044754,
0.078154,
0.067625,
0.161796,
-0.105713,
0.139060,
-0.124417,
0.006680,
-0.050798,
-0.046454,
-0.060406,
0.058718,
-0.268736,
0.031809,
-0.152218,
-0.196469,
-0.131282,
-0.008626,
-0.110509,
0.138814,
-0.004644,
-0.114022,
-0.099318,
0.156795,
-0.129774,
0.043237,
-0.071264,
-0.131311,
-0.069617,
0.079447,
-0.072489,
0.084988,
-0.334464,
-0.312676,
-0.244460,
-0.055936,
-0.051501,
0.096813,
-0.192857,
-0.206568,
-0.171901,
-0.124762,
0.043320,
0.106338,
-0.080243,
-0.136553,
-0.191008,
-0.159915,
-0.048728,
0.113746,
-0.065862,
0.023206,
-0.023232,
0.050086,
-0.302893,
0.007913,
-0.025698,
-0.129142,
0.004768,
0.062873,
-0.090797,
0.039205,
-0.252807,
-0.284147,
-0.022931,
0.025787,
0.119970,
0.078728,
-0.197159,
-0.143776,
-0.230538,
-0.108670,
0.087822,
0.068558,
-0.051751,
-0.117131,
-0.246233,
-0.298098,
0.041951,
0.104197,
-0.125154,
-0.102254,
-0.016583,
-0.070396,
-0.326126,
0.012768,
-0.258212,
-0.316331,
0.126974,
0.013156,
-0.058438,
0.011435,
-0.354085,
-0.372223,
0.084852,
0.129678,
0.102532,
-0.066449,
-0.184357,
-0.225823,
-0.274343,
0.058976,
0.149569,
-0.004935,
-0.148739,
-0.011520,
-0.374924,
-0.225207,
0.117446,
0.031502,
-0.281976,
-0.158975,
0.103117,
-0.050146,
-0.327043,
0.026574,
-0.138212,
-0.194948,
0.056222,
-0.078887,
-0.045446,
-0.050121,
0.048384,
-0.214465,
0.153763,
0.183222,
0.111364,
-0.014760,
-0.017997,
-0.209408,
-0.106160,
0.168310,
0.178817,
-0.039575,
-0.038292,
-0.150168,
-0.138959,
0.007431,
0.157670,
0.118277,
-0.004485,
0.009298,
0.112078,
-0.278670,
-0.064975,
0.063709,
0.062967,
0.074777,
-0.024079,
-0.181100,
-0.080863,
-0.055675,
0.193922,
0.031328,
-0.093918,
-0.049119,
-0.013384,
-0.041992,
0.114635,
0.060393,
-0.103650,
-0.080234,
0.134488,
0.024415,
0.029032,
-0.003516,
0.002442,
0.061371,
0.018691,
0.160992,
-0.038547,
-0.165594,
0.114302,
0.043585,
-0.341216,
-0.095592,
0.036017,
-0.066180,
0.092292,
0.137310,
-0.168280,
-0.223957,
0.226720,
0.157208,
0.037174,
0.171781,
-0.181913,
-0.219793,
0.213808,
0.087009,
0.119660,
0.089669,
-0.182709,
-0.049669,
-0.028287,
0.038828,
0.146808,
0.035011,
-0.183104,
0.153234,
0.115744,
-0.006374,
0.075257,
0.009029,
-0.199443,
-0.094573,
0.172872,
0.164797,
-0.048982,
0.031815,
-0.103873,
-0.159386,
0.132898,
0.159487,
0.060810,
0.018338,
-0.286118,
-0.112183,
0.056170,
0.128674,
0.167493,
0.004474,
-0.095329,
-0.126740,
-0.057679,
-0.114839,
0.038132,
-0.038151,
0.048594,
0.009793,
0.195923,
0.042225,
-0.267264,
-0.019924,
-0.163654,
0.109335,
0.074944,
0.211047,
0.046236,
-0.249072,
-0.249455,
0.073859,
-0.044442,
0.104775,
0.237413,
-0.159779,
-0.402214,
-0.181286,
-0.246690,
-0.164176,
0.150025,
-0.072961,
0.046349,
-0.442009,
-0.193977,
-0.169895,
-0.074986,
0.004437,
0.255235,
-0.172745,
0.134626,
0.023964,
0.062575,
-0.013278,
-0.045765,
0.135199,
-0.169815,
-0.108482,
0.136085,
0.181279,
-0.386027,
-0.128352,
-0.331356,
-0.267208,
-0.040699,
-0.031350,
-0.124249,
-0.600764,
-0.169208,
-0.069169,
-0.195660,
-0.243726,
0.251849,
-0.486668,
0.043208,
0.129596,
-0.110318,
-0.197432,
0.293496,
0.191411,
-0.042710,
-0.179035,
0.026756,
0.288672,
-0.275219,
-0.106617,
-0.062354,
-0.142617,
-0.193894,
0.165268,
-0.249519,
-0.218696,
0.049174,
0.111950,
-0.107164,
-0.229230,
0.109960,
-0.512520,
0.136784,
0.183773,
-0.119208,
-0.241372,
0.243684,
-0.239148,
0.092783,
-0.002172,
-0.064778,
-0.159405,
0.120916,
0.109509,
