0.002017,
0.080969,
0.032534,
-0.006461,
0.029717,
-0.009064,
-0.017822,
0.001959,
-0.035830,
-0.035154,
0.001959,
-0.036202,
0.084460,
0.002018,
-0.021966,
-0.053876,
0.000354,
0.001959,
0.043320,
0.017880,
0.029371,
0.115763,
-0.037342,
-0.000756,
-0.015770,
-0.042336,
-0.024382,
-0.010145,
-0.012084,
0.046488,
-0.006774,
0.079939,
-0.032894,
-0.055502,
0.002012,
-0.010912,
-0.024649,
0.073782,
-0.036335,
0.002018,
-0.014540,
0.073189,
-0.038354,
0.010148,
-0.014630,
-0.075373,
0.001953,
-0.005205,
0.022784,
0.001741,
0.001959,
0.029294,
0.055647,
0.056932,
0.006667,
0.079664,
0.038590,
0.001961,
0.080434,
0.141574,
-0.028650,
0.071133,
0.004868,
0.001959,
-0.036064,
-0.064116,
0.001958,
-0.041506,
-0.002691,
0.065596,
-0.034220,
-0.002968,
-0.068501,
0.001962,
0.048650,
-0.049903,
-0.052060,
-0.020057,
-0.028154,
-0.037483,
-0.027159,
0.053393,
-0.027982,
0.008257,
0.000913,
0.016969,
0.040447,
-0.001057,
0.107258,
-0.014533,
0.084152,
0.000928,
0.011877,
-0.004604,
0.000928,
0.028915,
0.119561,
0.000909,
0.088375,
-0.009585,
0.057966,
0.000928,
-0.033637,
-0.031839,
-0.060013,
0.013597,
-0.020587,
0.119701,
-0.015148,
0.049757,
0.047136,
-0.026227,
-0.004215,
-0.033974,
-0.052295,
-0.042106,
0.016513,
-0.024966,
0.000916,
-0.032302,
-0.017784,
-0.002947,
-0.058618,
0.095725,
0.000235,
-0.040549,
0.044468,
-0.038691,
0.001451,
0.071774,
0.000928,
0.057487,
0.033427,
-0.023664,
0.000928,
-0.028352,
-0.019028,
-0.018575,
-0.026242,
-0.021987,
-0.027362,
0.000918,
0.102036,
-0.054853,
-0.031444,
-0.069462,
-0.015696,
0.000928,
0.027815,
0.025875,
0.000928,
-0.036645,
-0.000088,
-0.025277,
0.024682,
0.027503,
-0.051029,
0.000925,
-0.039740,
-0.002565,
-0.058025,
0.093881,
-0.006923,
-0.030736,
-0.001347,
-0.031098,
-0.076058,
-0.033397,
0.000556,
0.044363,
-0.042411,
0.038828,
-0.045775,
-0.042964,
-0.038176,
0.000551,
-0.044694,
-0.004145,
0.000551,
-0.025329,
-0.027515,
0.000553,
0.036320,
-0.004180,
-0.023638,
0.000551,
-0.055721,
0.097264,
-0.040977,
-0.029049,
-0.006939,
-0.022686,
-0.060962,
-0.089651,
0.032511,
0.069752,
-0.020171,
0.065943,
-0.046615,
-0.045544,
0.072501,
0.019960,
0.000561,
-0.032859,
-0.025008,
-0.015869,
-0.047660,
-0.013526,
0.002164,
0.076546,
0.021521,
0.019490,
0.000060,
0.000748,
0.000561,
-0.025187,
0.042354,
-0.020429,
0.000551,
0.106775,
-0.037670,
-0.000467,
0.066564,
-0.003800,
-0.035759,
0.000554,
0.016581,
0.102729,
-0.050925,
-0.029440,
-0.029815,
0.000551,
-0.055352,
0.096612,
0.000551,
-0.021944,
0.035071,
0.030567,
0.051638,
0.005339,
-0.001253,
0.000550,
-0.047051,
0.023347,
0.056504,
-0.030073,
-0.018057,
0.012970,
-0.031020,
-0.067006,
0.040073,
-0.010534,
0.001998,
-0.049039,
-0.058022,
-0.005977,
0.008746,
0.027501,
-0.040739,
0.002009,
0.041422,
0.031731,
0.002009,
0.084528,
-0.033955,
0.002005,
0.048610,
-0.038574,
-0.037191,
0.002009,
-0.106735,
-0.047204,
-0.082255,
-0.029361,
-0.093788,
-0.039721,
0.088367,
0.037728,
0.038530,
0.034577,
-0.028100,
-0.052825,
0.052273,
0.077158,
0.085516,
0.037712,
0.001989,
-0.023595,
-0.062780,
-0.032695,
0.066688,
-0.024349,
0.000990,
-0.029437,
-0.030069,
-0.072379,
-0.001409,
-0.008136,
0.002029,
-0.001453,
-0.028668,
0.011898,
0.002009,
0.044608,
0.069505,
-0.036516,
0.001101,
0.030837,
0.012441,
0.002008,
-0.038046,
-0.028684,
0.029428,
0.010439,
0.013759,
0.002009,
0.075825,
0.108395,
0.002018,
-0.052501,
0.013909,
-0.044118,
-0.026480,
-0.021833,
-0.043114,
0.002023,
0.045570,
0.068438,
-0.020026,
0.046463,
-0.012797,
0.056056,
-0.007253,
0.007185,
-0.065653,
-0.020887,
-0.001643,
-0.064756,
0.084242,
-0.009559,
-0.033281,
-0.031698,
0.047698,
-0.001643,
-0.024542,
0.006349,
-0.001643,
0.005478,
-0.062899,
-0.001643,
-0.078442,
-0.032135,
0.086394,
-0.001643,
-0.013251,
0.022119,
0.046637,
-0.058438,
0.080752,
0.098336,
-0.007561,
0.014140,
-0.065181,
-0.020301,
-0.040488,
-0.035083,
0.022967,
0.014268,
-0.009207,
-0.024026,
-0.001643,
0.045125,
-0.000062,
-0.023951,
0.007807,
-0.032222,
-0.034089,
-0.042757,
-0.004825,
0.023783,
-0.033173,
0.000152,
-0.001643,
-0.030681,
0.014265,
0.030875,
-0.001643,
-0.019305,
-0.036006,
-0.058150,
-0.012656,
-0.073300,
0.009075,
-0.001643,
-0.036706,
-0.033053,
-0.038412,
0.067220,
-0.046144,
-0.001643,
0.017612,
0.007400,
-0.001643,
0.059213,
-0.043995,
-0.020104,
-0.029245,
0.061818,
0.015757,
-0.001643,
-0.052470,
-0.046788,
0.113031,
0.019559,
0.005401,
-0.050455,
0.022682,
-0.075371,
0.148481,
0.105209,
-0.002753,
0.024132,
0.002586,
-0.001737,
0.039760,
-0.030427,
-0.037402,
-0.002153,
0.000254,
-0.042400,
-0.002153,
-0.071962,
-0.033535,
-0.002684,
-0.075701,
-0.076149,
-0.031160,
-0.002153,
0.073426,
-0.076013,
0.032156,
-0.042111,
0.053553,
-0.009165,
0.061839,
0.064047,
-0.058467,
-0.068838,
-0.015260,
-0.012367,
-0.011141,
-0.041721,
-0.055091,
0.061583,
-0.003134,
-0.052597,
0.040960,
0.048776,
0.043997,
0.060819,
-0.037982,
-0.016193,
-0.086538,
0.107291,
-0.031779,
0.015556,
-0.002744,
0.110084,
-0.012514,
0.022782,
-0.002153,
-0.029146,
0.041647,
0.075026,
-0.006894,
-0.020351,
-0.039941,
-0.002462,
-0.015200,
-0.072704,
0.083769,
-0.000128,
0.039153,
-0.002153,
0.056409,
-0.045194,
-0.002153,
0.071182,
0.033115,
0.059916,
-0.013943,
0.005044,
0.037195,
-0.002503,
0.044820,
0.027822,
-0.015006,
-0.013473,
-0.028764,
0.065350,
-0.033146,
0.033618,
-0.067303,
0.007920,
0.000946,
-0.017312,
-0.056523,
-0.000443,
-0.020069,
0.000317,
-0.040971,
0.001025,
0.066522,
-0.012195,
0.001025,
-0.021592,
-0.007660,
0.001249,
0.032401,
-0.010536,
-0.013959,
0.001025,
0.053860,
-0.047405,
0.058531,
-0.066222,
-0.018679,
0.056826,
-0.024370,
-0.045476,
-0.011479,
-0.019447,
0.023769,
0.058092,
0.029623,
-0.061668,
-0.012129,
0.004864,
0.001128,
0.018265,
0.079276,
0.007927,
-0.021826,
-0.017321,
0.153108,
-0.037466,
-0.055145,
-0.026545,
0.152322,
-0.058639,
0.001126,
-0.016309,
-0.024642,
-0.015939,
0.001025,
-0.032959,
0.016736,
0.037302,
-0.031025,
-0.005736,
0.020424,
0.001160,
-0.032068,
0.074104,
0.014099,
0.016845,
-0.023194,
0.001025,
-0.034563,
-0.009722,
0.000937,
0.085036,
0.044002,
-0.012131,
-0.023234,
-0.013039,
-0.029875,
0.001131,
-0.028239,
0.052049,
0.005837,
-0.017971,
0.000530,
-0.051262,
-0.007073,
0.060089,
-0.000630,
0.040045,
0.000188,
-0.085507,
-0.042950,
0.014499,
-0.045609,
0.066405,
0.047308,
0.000172,
0.020428,
-0.002285,
0.000172,
-0.008184,
-0.065112,
0.000150,
0.038057,
0.125728,
-0.082515,
0.000172,
-0.006511,
0.003936,
-0.032756,
-0.008593,
0.047833,
-0.066467,
-0.028160,
0.082994,
0.061840,
-0.062819,
-0.039069,
0.009483,
-0.046647,
0.050895,
0.078670,
-0.044313,
-0.000132,
-0.062831,
0.032199,
0.019562,
0.095315,
-0.034137,
0.000747,
0.067607,
0.054525,
0.047925,
0.000044,
0.010976,
0.000176,
-0.037341,
-0.053945,
-0.070441,
0.000172,
-0.066445,
-0.025644,
-0.055178,
-0.063420,
0.005960,
-0.026486,
0.000176,
0.063882,
-0.085533,
-0.067641,
-0.016809,
-0.047969,
0.000172,
-0.047064,
0.019394,
0.000172,
0.021741,
-0.059233,
-0.061497,
-0.041358,
0.066069,
-0.037072,
0.000181,
0.026575,
-0.049122,
-0.002461,
-0.044657,
0.014866,
0.039458,
-0.012590,
-0.068880,
0.021886,
0.004874,
-0.002665,
0.074899,
-0.033359,
-0.002144,
0.007030,
0.046198,
0.061464,
-0.002648,
-0.001442,
0.092268,
-0.002648,
0.064272,
0.034533,
-0.002661,
0.039170,
0.049079,
-0.048865,
-0.002647,
0.064173,
0.070123,
0.029230,
0.032968,
-0.017614,
-0.023531,
0.019450,
-0.099951,
-0.051001,
0.074550,
-0.001719,
-0.042128,
0.035940,
-0.011945,
-0.060748,
0.016339,
-0.002660,
0.076000,
0.044093,
-0.006540,
-0.080083,
-0.007504,
-0.054542,
0.026464,
0.041135,
-0.044707,
-0.058378,
-0.010149,
-0.002666,
-0.026129,
-0.025293,
-0.077966,
-0.002648,
-0.009973,
-0.027533,
-0.030558,
0.052492,
-0.048642,
0.046447,
-0.002624,
-0.057996,
-0.049369,
0.033967,
-0.018683,
0.041066,
-0.002648,
0.033569,
-0.046983,
-0.002648,
-0.011875,
0.008514,
-0.001825,
0.109829,
-0.025172,
0.106080,
-0.002653,
0.058736,
0.010901,
0.068853,
-0.028211,
0.129926,
-0.003743,
0.102181,
0.095366,
-0.041459,
-0.024352,
0.003672,
-0.043490,
0.060837,
-0.026167,
-0.044780,
0.014936,
-0.059984,
0.003670,
-0.017541,
-0.011225,
0.003670,
-0.006651,
-0.003746,
0.003670,
-0.132055,
0.074892,
0.093275,
0.003670,
-0.014212,
-0.015402,
0.024511,
0.082730,
0.018780,
-0.083306,
0.022878,
0.042040,
0.046132,
0.024861,
0.133128,
-0.009525,
0.045116,
-0.011050,
-0.071760,
0.021780,
0.003670,
0.082125,
-0.057918,
-0.050874,
0.067588,
-0.017767,
-0.000319,
-0.085140,
0.038501,
-0.029304,
-0.004575,
0.045462,
0.003670,
-0.039655,
0.039986,
0.157329,
0.003670,
0.007102,
-0.036942,
0.010819,
0.000921,
0.077859,
0.028179,
0.003670,
-0.074367,
-0.011918,
0.071460,
-0.031421,
0.090000,
0.003670,
-0.031055,
-0.070794,
0.003670,
-0.053824,
-0.032472,
-0.003845,
-0.047486,
-0.061402,
0.032643,
0.003667,
-0.049586,
-0.012225,
-0.088231,
-0.023257,
-0.026989,
0.037553,
-0.002991,
0.004878,
0.080132,
-0.065690,
