-0.452471,
-0.452471,
-0.452471,
-0.452471,
-0.452471,
-0.452471,
-0.452471,
-0.452471,
-0.452471,
-0.452471,
-0.452471,
-0.452471,
-0.452471,
-0.452471,
-0.452471,
-0.452471,
-0.452471,
-0.452471,
-0.452471,
-0.452471,
-0.452471,
-0.452471,
-0.452471,
-0.452471,
-0.452471,
-0.452471,
-0.452471,
-0.452471,
-0.452471,
-0.452471,
-0.452471,
-0.452471,
-0.452471,
-0.452471,
-0.452471,
-0.452471,
-0.452471,
-0.452471,
-0.452471,
-0.452471,
-0.452471,
-0.452471,
-0.452471,
-0.452471,
-0.452471,
-0.452471,
-0.452471,
-0.452471,
-0.452471,
-0.452471,
-0.452471,
-0.452471,
-0.452471,
-0.452471,
-0.452471,
-0.452471,
-0.452471,
-0.452471,
-0.452471,
-0.452471,
-0.452471,
-0.452471,
-0.452471,
-0.452471,
-0.452471,
-0.452471,
-0.452471,
-0.452471,
-0.452471,
-0.452471,
-0.452471,
-0.452471,
-0.452471,
-0.452471,
-0.452471,
-0.452471,
-0.452471,
-0.452471,
-0.452471,
-0.452471,
-0.452471,
-0.452471,
-0.452471,
-0.452471,
-0.452471,
-0.452471,
-0.452471,
-0.452471,
-0.452471,
-0.452471,
-0.452471,
-0.452471,
-0.452471,
-0.452471,
-0.452471,
-0.452471,
-0.452471,
-0.452471,
-0.452471,
-0.452471,
-0.452471,
-0.452471,
-0.452471,
-0.452471,
-0.452471,
-0.452471,
-0.452471,
-0.452471,
-0.452471,
-0.452471,
-0.452471,
-0.452471,
-0.452471,
-0.452471,
-0.452471,
-0.452471,
-0.452471,
-0.452471,
-0.452471,
-0.452471,
-0.452471,
-0.452471,
-0.452471,
-0.452471,
-0.452471,
-0.452471,
-0.452471,
-0.452471,
-0.452471,
-0.452471,
-0.452471,
-0.452471,
-0.452471,
-0.452471,
-0.452471,
-0.452471,
-0.452471,
-0.452471,
-0.452471,
-0.452471,
-0.452471,
-0.452471,
-0.452471,
-0.452471,
-0.452471,
-0.452471,
-0.452471,
-0.452471,
-0.452471,
-0.452471,
-0.452471,
-0.452471,
-0.452471,
-0.452471,
-0.452471,
-0.452471,
-0.452471,
-0.452471,
-0.452471,
-0.452471,
-0.452471,
-0.452471,
-0.452471,
-0.452471,
-0.452471,
-0.452471,
-0.452471,
-0.452471,
-0.452471,
-0.452471,
-0.452471,
-0.452471,
-0.452471,
-0.452471,
-0.452471,
-0.452471,
-0.452471,
-0.452471,
-0.452471,
-0.452471,
-0.452471,
-0.452471,
-0.452471,
-0.452471,
-0.452471,
-0.452471,
-0.452471,
-0.452471,
-0.452471,
-0.452471,
-0.452471,
-0.452471,
-0.452471,
-0.452471,
-0.452471,
-0.452471,
-0.452471,
-0.452471,
-0.452471,
-0.452471,
-0.452471,
-0.452471,
-0.452471,
-0.452471,
-0.452471,
-0.452471,
-0.452471,
-0.452471,
-0.452471,
-0.452471,
-0.452471,
-0.452471,
-0.452471,
-0.452471,
-0.452471,
-0.452471,
-0.452471,
-0.452471,
-0.452471,
-0.452471,
-0.452471,
-0.452471,
-0.452471,
-0.452471,
-0.452471,
-0.452471,
-0.452471,
-0.452471,
-0.452471,
-0.452471,
-0.438916,
-0.371139,
-0.303362,
-0.316918,
-0.316918,
-0.371139,
-0.411805,
-0.425361,
-0.452471,
-0.452471,
-0.452471,
-0.452471,
-0.452471,
-0.452471,
-0.452471,
-0.452471,
-0.452471,
-0.452471,
-0.452471,
-0.452471,
-0.452471,
-0.452471,
-0.452471,
-0.452471,
-0.452471,
-0.452471,
-0.452471,
-0.452471,
-0.452471,
-0.452471,
-0.452471,
-0.452471,
-0.249141,
0.686180,
1.824831,
1.635056,
1.499502,
0.821733,
0.184631,
-0.140698,
-0.452471,
-0.452471,
-0.452471,
-0.452471,
-0.452471,
-0.452471,
-0.452471,
-0.452471,
-0.452471,
-0.452471,
-0.452471,
-0.452471,
-0.452471,
-0.452471,
-0.452471,
-0.452471,
-0.452471,
-0.452471,
-0.452471,
-0.452471,
-0.452471,
-0.452471,
-0.452471,
-0.452471,
0.049077,
2.245047,
2.773707,
2.760151,
2.733041,
2.597487,
2.407712,
2.123049,
1.729943,
1.729943,
1.729943,
1.729943,
1.729943,
1.729943,
1.729943,
1.729943,
1.675722,
1.336838,
0.198186,
-0.344029,
-0.452471,
-0.452471,
-0.452471,
-0.452471,
-0.452471,
-0.452471,
-0.452471,
-0.452471,
-0.452471,
-0.452471,
-0.452471,
-0.452471,
-0.154253,
1.147062,
1.648611,
1.363948,
1.567279,
1.946829,
2.380601,
2.705930,
2.705930,
2.502599,
2.733041,
2.760151,
2.760151,
2.733041,
2.638153,
2.597487,
2.733041,
2.543265,
1.174173,
-0.167809,
-0.452471,
-0.452471,
-0.452471,
-0.452471,
-0.452471,
-0.452471,
-0.452471,
-0.452471,
-0.452471,
-0.452471,
-0.452471,
-0.452471,
-0.371139,
-0.032255,
0.211742,
0.021967,
0.143965,
0.387962,
0.740401,
1.187728,
1.445281,
1.025064,
1.526613,
1.567279,
1.567279,
1.526613,
1.296171,
1.621500,
2.882150,
2.882150,
1.296171,
-0.140698,
-0.452471,
-0.452471,
-0.452471,
-0.452471,
-0.452471,
-0.452471,
-0.452471,
-0.452471,
-0.452471,
-0.452471,
-0.452471,
-0.452471,
-0.452471,
-0.452471,
-0.452471,
-0.452471,
-0.452471,
-0.452471,
-0.398250,
-0.208475,
-0.018700,
-0.316918,
0.035522,
0.062633,
0.062633,
0.021967,
0.076188,
1.025064,
2.827928,
2.583932,
0.604847,
-0.276252,
-0.452471,
-0.452471,
-0.452471,
-0.452471,
-0.452471,
-0.452471,
-0.452471,
-0.452471,
-0.452471,
-0.452471,
-0.452471,
-0.452471,
-0.452471,
-0.452471,
-0.452471,
-0.452471,
-0.452471,
-0.452471,
-0.452471,
-0.452471,
-0.452471,
-0.452471,
-0.452471,
-0.452471,
-0.452471,
-0.398250,
0.360851,
1.838386,
2.773707,
1.716388,
-0.154253,
-0.425361,
-0.452471,
-0.452471,
-0.452471,
-0.452471,
-0.452471,
-0.452471,
-0.452471,
-0.452471,
-0.452471,
-0.452471,
-0.452471,
-0.452471,
-0.452471,
-0.452471,
-0.452471,
-0.452471,
-0.452471,
-0.452471,
-0.452471,
-0.452471,
-0.452471,
-0.452471,
-0.452471,
-0.452471,
-0.452471,
-0.140698,
1.269061,
2.827928,
2.516155,
0.509960,
-0.384695,
-0.452471,
-0.452471,
-0.452471,
-0.452471,
-0.452471,
-0.452471,
-0.452471,
-0.452471,
-0.452471,
-0.452471,
-0.452471,
-0.452471,
-0.452471,
-0.452471,
-0.452471,
-0.452471,
-0.452471,
-0.452471,
-0.452471,
-0.452471,
-0.452471,
-0.452471,
-0.452471,
-0.452471,
-0.452471,
-0.411805,
0.618403,
2.095938,
2.882150,
2.163715,
0.062633,
-0.411805,
-0.452471,
-0.452471,
-0.452471,
-0.452471,
-0.452471,
-0.452471,
-0.452471,
-0.452471,
-0.452471,
-0.452471,
-0.452471,
-0.452471,
-0.452471,
-0.452471,
-0.452471,
-0.452471,
-0.452471,
-0.452471,
-0.452471,
-0.452471,
-0.452471,
-0.452471,
-0.452471,
-0.452471,
-0.452471,
0.062633,
1.716388,
2.895705,
2.217937,
0.360851,
-0.411805,
-0.452471,
-0.452471,
-0.452471,
-0.452471,
-0.452471,
-0.452471,
-0.452471,
-0.452471,
-0.452471,
-0.452471,
-0.452471,
-0.452471,
-0.452471,
-0.452471,
-0.452471,
-0.452471,
-0.452471,
-0.452471,
-0.452471,
-0.452471,
-0.452471,
-0.452471,
-0.452471,
-0.452471,
-0.452471,
-0.452471,
0.659069,
2.177271,
2.665264,
1.472391,
-0.276252,
-0.452471,
-0.452471,
-0.452471,
-0.452471,
-0.452471,
-0.452471,
-0.452471,
-0.452471,
-0.452471,
-0.452471,
-0.452471,
-0.452471,
-0.452471,
-0.452471,
-0.452471,
-0.452471,
-0.452471,
-0.452471,
-0.452471,
-0.452471,
-0.452471,
-0.452471,
-0.452471,
-0.452471,
-0.452471,
-0.452471,
-0.384695,
1.269061,
2.529710,
2.041717,
0.469294,
-0.438916,
-0.452471,
-0.452471,
-0.452471,
-0.452471,
-0.452471,
-0.452471,
-0.452471,
-0.452471,
-0.452471,
-0.452471,
-0.452471,
-0.452471,
-0.452471,
-0.452471,
-0.452471,
-0.452471,
-0.452471,
-0.452471,
-0.452471,
-0.452471,
-0.452471,
-0.452471,
-0.452471,
-0.452471,
-0.452471,
-0.452471,
0.360851,
2.028161,
2.543265,
1.309727,
-0.208475,
-0.452471,
-0.452471,
-0.452471,
-0.452471,
-0.452471,
-0.452471,
-0.452471,
-0.452471,
-0.452471,
-0.452471,
-0.452471,
-0.452471,
-0.452471,
-0.452471,
-0.452471,
-0.452471,
-0.452471,
-0.452471,
-0.452471,
-0.452471,
-0.452471,
-0.452471,
-0.452471,
-0.452471,
-0.452471,
-0.425361,
-0.032255,
1.621500,
2.624598,
1.987495,
0.509960,
-0.452471,
-0.452471,
-0.452471,
-0.452471,
-0.452471,
-0.452471,
-0.452471,
-0.452471,
-0.452471,
-0.452471,
-0.452471,
-0.452471,
-0.452471,
-0.452471,
-0.452471,
-0.452471,
-0.452471,
-0.452471,
-0.452471,
-0.452471,
-0.452471,
-0.452471,
-0.452471,
-0.452471,
-0.452471,
-0.438916,
-0.276252,
1.079285,
2.624598,
2.638153,
1.133507,
-0.154253,
-0.452471,
-0.452471,
-0.452471,
-0.452471,
-0.452471,
-0.452471,
-0.452471,
-0.452471,
-0.452471,
-0.452471,
-0.452471,
-0.452471,
-0.452471,
-0.452471,
-0.452471,
-0.452471,
-0.452471,
-0.452471,
-0.452471,
-0.452471,
-0.452471,
-0.452471,
-0.452471,
-0.452471,
-0.452471,
-0.303362,
0.428628,
2.475489,
2.855039,
1.919718,
0.387962,
-0.452471,
-0.452471,
-0.452471,
-0.452471,
-0.452471,
-0.452471,
-0.452471,
-0.452471,
-0.452471,
-0.452471,
-0.452471,
-0.452471,
-0.452471,
-0.452471,
-0.452471,
-0.452471,
-0.452471,
-0.452471,
-0.452471,
-0.452471,
-0.452471,
-0.452471,
-0.452471,
-0.452471,
-0.452471,
-0.425361,
0.130409,
2.380601,
2.949926,
2.516155,
0.753957,
-0.262696,
-0.452471,
-0.452471,
-0.452471,
-0.452471,
-0.452471,
-0.452471,
-0.452471,
-0.452471,
-0.452471,
-0.452471,
-0.452471,
-0.452471,
-0.452471,
-0.452471,
-0.452471,
-0.452471,
-0.452471,
-0.452471,
-0.452471,
-0.452471,
-0.452471,
-0.452471,
-0.452471,
-0.452471,
-0.452471,
-0.303362,
0.591292,
2.949926,
2.990593,
1.133507,
-0.072921,
-0.438916,
-0.452471,
-0.452471,
-0.452471,
-0.452471,
-0.452471,
-0.452471,
-0.452471,
-0.452471,
-0.452471,
-0.452471,
-0.452471,
-0.452471,
-0.452471,
-0.452471,
-0.452471,
-0.452471,
-0.452471,
-0.452471,
-0.452471,
-0.452471,
-0.452471,
-0.452471,
-0.452471,
-0.452471,
-0.303362,
0.577737,
2.285713,
2.895705,
1.553723,
0.076188,
-0.384695,
-0.452471,
-0.452471,
-0.452471,
-0.452471,
-0.452471,
-0.452471,
-0.452471,
-0.452471,
-0.452471,
-0.452471,
-0.452471,
-0.452471,
-0.452471,
-0.452471,
-0.452471,
-0.452471,
-0.452471,
-0.452471,
-0.452471,
-0.452471,
-0.452471,
-0.452471,
-0.452471,
-0.452471,
-0.452471,
0.143965,
1.526613,
2.895705,
2.827928,
0.672624,
-0.262696,
-0.452471,
-0.452471,
-0.452471,
-0.452471,
-0.452471,
-0.452471,
-0.452471,
-0.452471,
-0.452471,
-0.452471,
-0.452471,
-0.452471,
-0.452471,
-0.452471,
-0.452471,
-0.452471,
-0.452471,
-0.452471,
-0.452471,
-0.452471,
-0.452471,
-0.452471,
-0.452471,
-0.452471,
-0.452471,
-0.194919,
0.957287,
2.434822,
2.990593,
2.814373,
0.428628,
-0.316918,
-0.452471,
-0.452471,
-0.452471,
-0.452471,
-0.452471,
-0.452471,
-0.452471,
-0.452471,
-0.452471,
-0.452471,
-0.452471,
-0.452471,
-0.452471,
-0.452471,
-0.452471,
-0.452471,
-0.452471,
-0.452471,
-0.452471,
-0.452471,
-0.452471,
-0.452471,
-0.452471,
-0.452471,
-0.452471,
0.211742,
1.675722,
2.936371,
2.949926,
2.624598,
0.347295,
-0.330473,
-0.452471,
-0.452471,
-0.452471,
-0.452471,
-0.452471,
-0.452471,
-0.452471,
-0.452471,
-0.452471,
-0.452471,
-0.452471,
-0.452471,
-0.452471,
-0.452471,
-0.452471,
-0.452471,
-0.452471,
-0.452471,
-0.452471,
-0.452471,
-0.452471,
-0.452471,
-0.452471,
-0.452471,
-0.452471,
0.469294,
1.973940,
2.922816,
2.583932,
1.553723,
0.021967,
-0.371139,
-0.452471,
-0.452471,
-0.452471,
-0.452471,
-0.452471,
-0.452471,
-0.452471,
-0.452471,
-0.452471,
-0.452471,
-0.452471,
-0.452471,
-0.452471,
-0.452471,
-0.452471,
-0.452471,
-0.452471,
-0.452471,
-0.452471,
-0.452471,
-0.452471,
-0.452471,
-0.452471,
-0.452471,
-0.452471,
0.293074,
1.513057,
2.177271,
1.445281,
-0.262696,
-0.438916,
-0.452471,
-0.452471,
-0.452471,
-0.452471,
-0.452471,
-0.452471,
-0.452471,
-0.452471,
-0.452471,
-0.452471,
-0.452471,
-0.452471,
-0.452471,
-0.452471,
-0.452471,
-0.452471,
-0.452471,
-0.452471,
-0.452471,
-0.452471,
-0.452471,
-0.452471,
-0.452471,
-0.452471,
-0.452471,
-0.452471,
-0.452471,
-0.452471,
-0.452471,
-0.452471,
-0.452471,
-0.452471,
-0.452471,
-0.452471,
-0.452471,
-0.452471,
-0.452471,
-0.452471,
-0.452471,
-0.452471,
-0.452471,
-0.452471,
-0.452471,
-0.452471,
-0.452471,
-0.452471,
-0.452471,
