-0.654148,
-0.520667,
-0.525957,
-0.142527,
-0.690168,
0.005452,
-0.240210,
0.070390,
-0.166672,
-0.156514,
0.052472,
0.011270,
-0.130196,
0.263744,
-0.054205,
-0.079309,
-0.148175,
-0.002060,
0.049758,
0.018403,
-0.066585,
-0.085634,
0.014388,
0.057086,
-0.072200,
0.013140,
0.018238,
-0.359669,
-0.001742,
-0.256359,
0.251454,
-0.005498,
0.050553,
0.002183,
0.016533,
-0.001122,
0.063492,
0.023837,
-0.039492,
0.174630,
-0.128453,
-0.082021,
-0.191261,
-0.180069,
-0.229377,
-0.164690,
-0.042069,
0.012867,
-0.039626,
-0.258292,
-0.141824,
0.190228,
0.398624,
0.087253,
-0.184521,
-0.149955,
0.170176,
0.005708,
0.024335,
0.026048,
-0.304893,
-0.235110,
-0.085027,
0.072077,
