0, 0, 0, 0, 0, 0, 0, 0, 0, 0, 0, 0, 0, 0, 0, 0, 0, 0, 0, 0, 0, 0, 0, 0, 0, 0, 0, 0, 0, 0, 0, 0, 0, 0, 0, 0, 0, 0, 0, 0, 0, 0, 0, 0, 0, 0, 0, 0, 0, 0, 0, 0, 0, 0, 0, 0, 0, 0, 0, 0, 0, 0, 0, 0, 0, 0, 0, 0, 0, 0, 0, 0, 0, 0, 0, 0, 0, 0, 0, 0, 0, 0, 0, 0
1, 47, 1, 84, 1, 47, 47, 1, 1, 25, 1, 25, 47, 1, 47, 47, 47, 1, 1, 1, 47, 1, 1, 47, 47, 1, 47, 47, 47, 84, 25, 1, 84, 25, 1, 25, 47, 1, 1, 84, 84, 1, 1, 84, 1, 25, 1, 84, 1, 1, 1, 1, 1, 1, 1, 1, 47, 1, 84, 1, 25, 1, 47, 1, 25, 47, 1, 1, 1, 84, 47, 84, 25, 1, 25, 25, 25, 1, 25, 47, 25, 25, 1, 84
2, 21, 21, 20, 2, 57, 57, 2, 21, 124, 2, 18, 57, 2, 57, 21, 57, 2, 21, 2, 21, 21, 121, 21, 28, 2, 57, 57, 28, 59, 28, 21, 121, 28, 121, 124, 57, 2, 21, 20, 121, 121, 2, 59, 2, 28, 2, 38, 21, 2, 2, 2, 2, 121, 2, 2, 57, 2, 59, 121, 124, 21, 28, 2, 124, 21, 2, 2, 2, 41, 28, 20, 28, 2, 28, 124, 28, 2, 124, 57, 124, 124, 21, 38
3, 84, 3, 18, 3, 1, 84, 3, 3, 1, 3, 47, 84, 3, 84, 84, 84, 3, 3, 3, 84, 3, 70, 84, 1, 3, 84, 84, 1, 124, 1, 3, 70, 1, 3, 1, 84, 3, 84, 18, 70, 70, 3, 124, 3, 1, 3, 70, 84, 3, 3, 3, 3, 70, 3, 3, 84, 3, 124, 3, 1, 3, 1, 3, 1, 84, 3, 3, 3, 18, 1, 18, 1, 3, 1, 1, 1, 3, 1, 84, 1, 1, 3, 18
4, 4, 4, 4, 4, 86, 4, 4, 4, 127, 4, 127, 4, 4, 86, 4, 86, 4, 4, 4, 4, 4, 4, 4, 86, 4, 86, 86, 86, 7, 86, 4, 4, 86, 4, 86, 86, 4, 4, 7, 4, 4, 4, 7, 4, 86, 4, 4, 4, 4, 4, 4, 4, 4, 4, 4, 86, 4, 7, 4, 86, 4, 86, 4, 86, 4, 4, 4, 4, 7, 86, 4, 86, 4, 86, 86, 86, 4, 86, 86, 86, 86, 4, 4
5, 5, 5, 5, 5, 5, 5, 5, 5, 5, 5, 5, 5, 5, 5, 5, 5, 5, 5, 5, 5, 5, 5, 5, 5, 5, 5, 5, 5, 5, 5, 5, 5, 5, 5, 5, 5, 5, 5, 5, 5, 5, 5, 5, 5, 5, 5, 5, 5, 5, 5, 5, 5, 5, 5, 5, 5, 5, 5, 5, 5, 5, 5, 5, 5, 5, 5, 5, 5, 5, 5, 5, 5, 5, 5, 5, 5, 5, 5, 5, 5, 5, 5, 5
6, 6, 6, 6, 6, 91, 91, 6, 6, 36, 6, 36, 91, 6, 91, 6, 91, 6, 6, 6, 91, 6, 6, 6, 91, 6, 91, 91, 91, 93, 91, 6, 6, 91, 6, 91, 91, 6, 6, 93, 6, 6, 6, 93, 6, 91, 6, 6, 6, 6, 6, 6, 6, 6, 6, 6, 91, 6, 93, 6, 36, 6, 91, 6, 36, 6, 6, 6, 6, 93, 91, 93, 91, 6, 91, 91, 91, 6, 36, 91, 91, 91, 6, 6
7, 7, 7, 7, 7, 4, 7, 7, 7, 4, 7, 4, 7, 7, 4, 7, 4, 7, 7, 7, 7, 7, 7, 7, 4, 7, 7, 4, 4, 79, 4, 7, 7, 4, 7, 4, 4, 7, 7, 7, 7, 7, 7, 79, 7, 4, 7, 7, 7, 7, 7, 7, 7, 7, 7, 7, 4, 7, 79, 7, 4, 7, 4, 7, 4, 7, 7, 7, 7, 7, 4, 7, 4, 7, 4, 4, 4, 7, 4, 4, 4, 4, 7, 7
8, 119, 8, 92, 8, 119, 119, 8, 8, 61, 8, 61, 119, 8, 119, 8, 119, 8, 8, 8, 119, 8, 8, 119, 119, 8, 119, 119, 119, 92, 119, 8, 92, 61, 8, 61, 119, 8, 8, 92, 8, 8, 8, 92, 8, 119, 8, 92, 8, 8, 8, 8, 8, 8, 8, 8, 119, 8, 92, 8, 61, 8, 119, 8, 61, 119, 8, 8, 8, 92, 119, 92, 119, 8, 61, 61, 119, 8, 61, 119, 61, 61, 8, 92
9, 24, 24, 43, 9, 122, 24, 9, 24, 103, 9, 103, 24, 9, 122, 24, 122, 9, 24, 9, 24, 24, 35, 24, 122, 9, 122, 122, 122, 43, 122, 24, 35, 122, 9, 103, 122, 9, 24, 43, 35, 35, 9, 43, 9, 122, 9, 35, 24, 9, 9, 9, 9, 35, 9, 9, 122, 9, 43, 9, 103, 24, 122, 9, 103, 24, 9, 9, 9, 43, 122, 43, 122, 9, 122, 122, 122, 9, 103, 122, 122, 122, 24, 43
10, 10, 10, 40, 10, 89, 10, 10, 10, 89, 10, 89, 10, 10, 89, 10, 89, 10, 10, 10, 10, 10, 10, 10, 89, 10, 10, 89, 89, 40, 89, 10, 10, 89, 10, 89, 89, 10, 10, 40, 10, 10, 10, 40, 10, 89, 10, 10, 10, 10, 10, 10, 10, 10, 10, 10, 89, 10, 40, 10, 89, 10, 89, 10, 89, 10, 10, 10, 10, 40, 89, 40, 89, 10, 89, 89, 89, 10, 89, 89, 89, 89, 10, 10
11, 11, 11, 11, 11, 11, 11, 11, 11, 11, 11, 11, 11, 11, 11, 11, 11, 11, 11, 11, 11, 11, 11, 11, 11, 11, 11, 11, 11, 11, 11, 11, 11, 11, 11, 11, 11, 11, 11, 11, 11, 11, 11, 11, 11, 11, 11, 11, 11, 11, 11, 11, 11, 11, 11, 11, 11, 11, 11, 11, 11, 11, 11, 11, 11, 11, 11, 11, 11, 11, 11, 11, 11, 11, 11, 11, 11, 11, 11, 11, 11, 11, 11, 11
12, 12, 12, 58, 12, 117, 12, 12, 12, 117, 12, 117, 12, 12, 117, 12, 117, 12, 12, 12, 12, 12, 12, 12, 117, 12, 12, 117, 117, 58, 117, 12, 12, 117, 12, 117, 117, 12, 12, 58, 12, 12, 12, 58, 12, 117, 12, 12, 12, 12, 12, 12, 12, 12, 12, 12, 117, 12, 58, 12, 117, 12, 117, 12, 117, 12, 12, 12, 12, 58, 117, 58, 117, 12, 117, 117, 117, 12, 117, 117, 117, 117, 12, 58
13, 13, 13, 13, 13, 13, 13, 13, 13, 13, 13, 13, 13, 13, 13, 13, 13, 13, 13, 13, 13, 13, 13, 13, 13, 13, 13, 13, 13, 13, 13, 13, 13, 13, 13, 13, 13, 13, 13, 13, 13, 13, 13, 13, 13, 13, 13, 13, 13, 13, 13, 13, 13, 13, 13, 13, 13, 13, 13, 13, 13, 13, 13, 13, 13, 13, 13, 13, 13, 13, 13, 13, 13, 13, 13, 13, 13, 13, 13, 13, 13, 13, 13, 13
14, 14, 14, 14, 14, 14, 14, 14, 14, 14, 14, 14, 14, 14, 14, 14, 14, 14, 14, 14, 14, 14, 14, 14, 14, 14, 14, 14, 14, 14, 14, 14, 14, 14, 14, 14, 14, 14, 14, 14, 14, 14, 14, 14, 14, 14, 14, 14, 14, 14, 14, 14, 14, 14, 14, 14, 14, 14, 14, 14, 14, 14, 14, 14, 14, 14, 14, 14, 14, 14, 14, 14, 14, 14, 14, 14, 14, 14, 14, 14, 14, 14, 14, 14
15, 15, 15, 15, 15, 15, 15, 15, 15, 15, 15, 15, 15, 15, 15, 15, 15, 15, 15, 15, 15, 15, 15, 15, 15, 15, 15, 15, 15, 15, 15, 15, 15, 15, 15, 15, 15, 15, 15, 15, 15, 15, 15, 15, 15, 15, 15, 15, 15, 15, 15, 15, 15, 15, 15, 15, 15, 15, 15, 15, 15, 15, 15, 15, 15, 15, 15, 15, 15, 15, 15, 15, 15, 15, 15, 15, 15, 15, 15, 15, 15, 15, 15, 15
16, 16, 16, 16, 16, 16, 16, 16, 16, 16, 16, 16, 16, 16, 16, 16, 16, 16, 16, 16, 16, 16, 16, 16, 16, 16, 16, 16, 16, 16, 16, 16, 16, 16, 16, 16, 16, 16, 16, 16, 16, 16, 16, 16, 16, 16, 16, 16, 16, 16, 16, 16, 16, 16, 16, 16, 16, 16, 16, 16, 16, 16, 16, 16, 16, 16, 16, 16, 16, 16, 16, 16, 16, 16, 16, 16, 16, 16, 16, 16, 16, 16, 16, 16
17, 17, 17, 17, 17, 17, 17, 17, 17, 17, 17, 17, 17, 17, 17, 17, 17, 17, 17, 17, 17, 17, 17, 17, 17, 17, 17, 17, 17, 17, 17, 17, 17, 17, 17, 17, 17, 17, 17, 17, 17, 17, 17, 17, 17, 17, 17, 17, 17, 17, 17, 17, 17, 17, 17, 17, 17, 17, 17, 17, 17, 17, 17, 17, 17, 17, 17, 17, 17, 17, 17, 17, 17, 17, 17, 17, 17, 17, 17, 17, 17, 17, 17, 17
18, 70, 70, 28, 18, 3, 3, 18, 70, 84, 18, 1, 3, 18, 3, 70, 3, 18, 70, 124, 3, 70, 124, 3, 3, 18, 3, 3, 3, 57, 84, 70, 28, 84, 124, 84, 3, 18, 70, 28, 124, 124, 70, 57, 18, 84, 18, 28, 70, 18, 18, 18, 18, 124, 70, 124, 3, 18, 57, 124, 84, 70, 84, 18, 84, 70, 18, 124, 18, 28, 84, 28, 84, 18, 84, 84, 84, 70, 84, 3, 84, 84, 70, 28
19, 19, 19, 19, 19, 19, 19, 19, 19, 19, 19, 19, 19, 19, 19, 19, 19, 19, 19, 19, 19, 19, 19, 19, 19, 19, 19, 19, 19, 19, 19, 19, 19, 19, 19, 19, 19, 19, 19, 19, 19, 19, 19, 19, 19, 19, 19, 19, 19, 19, 19, 19, 19, 19, 19, 19, 19, 19, 19, 19, 19, 19, 19, 19, 19, 19, 19, 19, 19, 19, 19, 19, 19, 19, 19, 19, 19, 19, 19, 19, 19, 19, 19, 19
20, 121, 38, 76, 41, 2, 121, 20, 38, 57, 20, 28, 2, 20, 2, 121, 2, 20, 38, 59, 121, 38, 99, 121, 21, 20, 2, 2, 21, 107, 21, 38, 76, 21, 59, 57, 2, 41, 121, 76, 99, 99, 38, 107, 41, 21, 20, 76, 121, 38, 20, 20, 41, 99, 38, 59, 2, 20, 107, 59, 57, 38, 21, 20, 57, 121, 20, 59, 20, 107, 21, 76, 21, 20, 21, 57, 21, 38, 57, 2, 57, 57, 38, 76
21, 57, 57, 121, 21, 28, 28, 21, 57, 70, 21, 70, 28, 21, 28, 57, 28, 21, 57, 21, 57, 57, 2, 57, 28, 21, 28, 28, 124, 38, 124, 57, 2, 124, 21, 18, 28, 21, 57, 121, 2, 2, 21, 38, 21, 124, 21, 121, 57, 21, 21, 21, 21, 2, 21, 21, 28, 21, 38, 21, 18, 57, 124, 21, 18, 57, 21, 21, 21, 121, 124, 121, 124, 21, 124, 18, 124, 21, 70, 28, 18, 18, 57, 121
22, 22, 22, 22, 22, 22, 22, 22, 22, 22, 22, 22, 22, 22, 22, 22, 22, 22, 22, 22, 22, 22, 22, 22, 22, 22, 22, 22, 22, 22, 22, 22, 22, 22, 22, 22, 22, 22, 22, 22, 22, 22, 22, 22, 22, 22, 22, 22, 22, 22, 22, 22, 22, 22, 22, 22, 22, 22, 22, 22, 22, 22, 22, 22, 22, 22, 22, 22, 22, 22, 22, 22, 22, 22, 22, 22, 22, 22, 22, 22, 22, 22, 22, 22
23, 23, 23, 23, 23, 54, 23, 23, 23, 54, 23, 54, 23, 23, 23, 23, 23, 23, 23, 23, 23, 23, 23, 23, 54, 23, 23, 23, 54, 75, 54, 23, 23, 54, 23, 54, 54, 23, 23, 75, 23, 23, 23, 75, 23, 54, 23, 23, 23, 23, 23, 23, 23, 23, 23, 23, 23, 23, 75, 23, 54, 23, 54, 23, 54, 23, 23, 23, 23, 75, 54, 75, 54, 23, 54, 54, 54, 23, 54, 23, 54, 54, 23, 23
24, 122, 24, 35, 24, 122, 122, 24, 24, 103, 24, 103, 122, 24, 122, 122, 122, 24, 24, 24, 122, 24, 9, 122, 122, 24, 122, 122, 122, 35, 103, 24, 9, 103, 9, 103, 122, 24, 24, 35, 9, 9, 24, 35, 24, 103, 24, 35, 24, 24, 24, 24, 24, 9, 24, 24, 122, 24, 43, 9, 103, 24, 103, 24, 103, 122, 24, 24, 24, 35, 103, 35, 103, 24, 103, 103, 103, 24, 103, 122, 103, 103, 24, 35
25, 50, 25, 47, 25, 50, 50, 25, 25, 53, 25, 53, 50, 25, 50, 50, 50, 25, 25, 25, 50, 25, 25, 50, 50, 25, 50, 50, 50, 47, 53, 25, 47, 53, 25, 53, 50, 25, 25, 47, 25, 25, 25, 47, 25, 50, 25, 47, 25, 25, 25, 25, 25, 25, 25, 25, 50, 25, 47, 25, 53, 25, 50, 25, 53, 50, 25, 25, 25, 47, 50, 47, 53, 25, 53, 53, 50, 25, 53, 50, 53, 53, 25, 47
26, 26, 26, 26, 26, 26, 26, 26, 26, 26, 26, 26, 26, 26, 26, 26, 26, 26, 26, 26, 26, 26, 26, 26, 26, 26, 26, 26, 26, 26, 26, 26, 26, 26, 26, 26, 26, 26, 26, 26, 26, 26, 26, 26, 26, 26, 26, 26, 26, 26, 26, 26, 26, 26, 26, 26, 26, 26, 26, 26, 26, 26, 26, 26, 26, 26, 26, 26, 26, 26, 26, 26, 26, 26, 26, 26, 26, 26, 26, 26, 26, 26, 26, 26
27, 32, 32, 82, 27, 107, 32, 27, 32, 59, 27, 41, 32, 27, 107, 32, 107, 27, 32, 27, 32, 27, 94, 32, 107, 27, 107, 107, 76, 82, 76, 32, 94, 76, 27, 99, 107, 27, 32, 82, 94, 94, 27, 82, 27, 76, 27, 94, 32, 27, 27, 27, 27, 94, 27, 27, 107, 27, 82, 27, 99, 32, 76, 27, 99, 32, 27, 27, 27, 82, 76, 82, 76, 27, 76, 99, 76, 27, 99, 107, 99, 99, 32, 82
28, 124, 124, 21, 28, 70, 18, 28, 124, 3, 28, 84, 18, 28, 70, 124, 70, 28, 124, 28, 124, 124, 57, 124, 70, 28, 70, 70, 70, 21, 3, 124, 57, 3, 28, 3, 70, 28, 124, 21, 57, 57, 28, 21, 28, 3, 28, 57, 124, 28, 28, 28, 28, 57, 28, 28, 70, 28, 2, 28, 3, 124, 70, 28, 3, 124, 28, 28, 28, 21, 70, 21, 3, 28, 3, 3, 3, 28, 3, 70, 3, 3, 124, 21
29, 39, 29, 48, 29, 39, 39, 29, 29, 80, 29, 85, 39, 29, 39, 39, 39, 29, 29, 29, 39, 29, 29, 39, 39, 29, 39, 39, 39, 48, 80, 29, 48, 80, 29, 80, 39, 29, 29, 48, 48, 48, 29, 48, 29, 80, 29, 48, 29, 29, 29, 29, 29, 29, 29, 29, 39, 29, 48, 29, 80, 29, 80, 29, 80, 39, 29, 29, 29, 48, 80, 48, 80, 29, 80, 80, 80, 29, 80, 39, 80, 80, 29, 48
30, 37, 30, 61, 30, 112, 37, 30, 30, 112, 30, 112, 37, 30, 37, 37, 37, 30, 30, 30, 37, 30, 30, 37, 112, 30, 37, 37, 112, 61, 112, 30, 61, 112, 30, 112, 112, 30, 37, 61, 61, 61, 30, 61, 30, 112, 30, 61, 37, 30, 30, 30, 30, 30, 30, 30, 37, 30, 61, 30, 112, 30, 112, 30, 112, 37, 30, 30, 30, 61, 112, 61, 112, 30, 112, 112, 112, 30, 112, 37, 112, 112, 30, 61
31, 31, 31, 31, 31, 31, 31, 31, 31, 31, 31, 31, 31, 31, 31, 31, 31, 31, 31, 31, 31, 31, 31, 31, 31, 31, 31, 31, 31, 31, 31, 31, 31, 31, 31, 31, 31, 31, 31, 31, 31, 31, 31, 31, 31, 31, 31, 31, 31, 31, 31, 31, 31, 31, 31, 31, 31, 31, 31, 31, 31, 31, 31, 31, 31, 31, 31, 31, 31, 31, 31, 31, 31, 31, 31, 31, 31, 31, 31, 31, 31, 31, 31, 31
32, 107, 107, 94, 32, 99, 76, 32, 107, 38, 32, 121, 76, 32, 76, 107, 76, 32, 107, 32, 107, 107, 27, 107, 99, 32, 76, 76, 99, 94, 59, 107, 27, 41, 32, 20, 99, 32, 107, 94, 27, 27, 32, 94, 32, 59, 32, 27, 107, 32, 32, 32, 32, 27, 32, 32, 76, 32, 94, 32, 38, 107, 99, 32, 38, 107, 32, 32, 32, 94, 99, 94, 59, 32, 41, 20, 59, 32, 38, 76, 20, 20, 107, 94
33, 33, 33, 33, 33, 33, 33, 33, 33, 33, 33, 33, 33, 33, 33, 33, 33, 33, 33, 33, 33, 33, 33, 33, 33, 33, 33, 33, 33, 33, 33, 33, 33, 33, 33, 33, 33, 33, 33, 33, 33, 33, 33, 33, 33, 33, 33, 33, 33, 33, 33, 33, 33, 33, 33, 33, 33, 33, 33, 33, 33, 33, 33, 33, 33, 33, 33, 33, 33, 33, 33, 33, 33, 33, 33, 33, 33, 33, 33, 33, 33, 33, 33, 33
34, 34, 34, 34, 34, 109, 34, 34, 34, 109, 34, 77, 34, 34, 109, 34, 109, 34, 34, 34, 34, 34, 34, 34, 109, 34, 109, 109, 109, 89, 109, 34, 34, 109, 34, 109, 109, 34, 34, 89, 34, 34, 34, 89, 34, 109, 34, 34, 34, 34, 34, 34, 34, 34, 34, 34, 109, 34, 89, 34, 109, 34, 109, 34, 109, 34, 34, 34, 34, 89, 109, 89, 109, 34, 109, 109, 109, 34, 109, 109, 109, 109, 34, 34
35, 9, 9, 74, 35, 24, 9, 35, 9, 122, 35, 122, 24, 35, 24, 9, 24, 35, 9, 35, 9, 35, 43, 9, 24, 35, 24, 24, 24, 74, 122, 9, 43, 122, 35, 122, 24, 35, 9, 74, 43, 43, 35, 74, 35, 122, 35, 43, 9, 35, 35, 35, 35, 43, 35, 35, 24, 35, 74, 35, 122, 9, 24, 35, 122, 9, 35, 35, 35, 74, 24, 74, 122, 35, 122, 122, 122, 35, 122, 24, 122, 122, 9, 74
36, 36, 36, 91, 36, 36, 36, 36, 36, 36, 36, 36, 36, 36, 36, 36, 36, 36, 36, 36, 36, 36, 36, 36, 36, 36, 36, 36, 36, 91, 36, 36, 91, 36, 36, 36, 36, 36, 36, 91, 36, 36, 36, 91, 36, 36, 36, 91, 36, 36, 36, 36, 36, 36, 36, 36, 36, 36, 91, 36, 36, 36, 36, 36, 36, 36, 36, 36, 36, 91, 36, 91, 36, 36, 36, 36, 36, 36, 36, 36, 36, 36, 36, 91
37, 112, 37, 30, 37, 112, 112, 37, 37, 118, 37, 118, 112, 37, 112, 112, 112, 37, 37, 37, 112, 37, 30, 112, 112, 37, 112, 112, 112, 30, 112, 37, 30, 112, 37, 118, 112, 37, 112, 30, 30, 30, 37, 30, 37, 112, 37, 30, 112, 37, 37, 37, 37, 30, 37, 37, 112, 37, 61, 37, 118, 37, 112, 37, 118, 112, 37, 37, 37, 30, 112, 30, 112, 37, 112, 118, 112, 37, 118, 112, 118, 118, 37, 30
38, 121, 121, 76, 20, 21, 2, 38, 121, 28, 38, 28, 2, 38, 21, 121, 21, 38, 121, 20, 2, 121, 59, 2, 21, 38, 2, 21, 21, 76, 57, 121, 99, 57, 20, 57, 21, 20, 121, 76, 59, 59, 38, 76, 20, 21, 38, 99, 121, 38, 38, 38, 20, 59, 121, 20, 21, 38, 107, 20, 57, 121, 21, 38, 57, 2, 38, 20, 38, 76, 21, 76, 57, 38, 57, 57, 21, 121, 57, 21, 57, 57, 121, 76
39, 80, 39, 29, 39, 80, 80, 39, 39, 85, 39, 78, 80, 39, 80, 80, 80, 39, 39, 39, 80, 39, 39, 80, 80, 39, 80, 80, 85, 29, 85, 39, 29, 85, 39, 85, 80, 39, 39, 29, 29, 29, 39, 29, 39, 85, 39, 29, 80, 39, 39, 39, 39, 39, 39, 39, 80, 39, 29, 39, 85, 39, 85, 39, 85, 80, 39, 39, 39, 29, 85, 29, 85, 39, 85, 85, 85, 39, 85, 80, 85, 85, 39, 29
40, 40, 40, 63, 40, 10, 40, 40, 40, 10, 40, 10, 40, 40, 10, 40, 10, 40, 40, 40, 40, 40, 40, 40, 10, 40, 40, 10, 10, 63, 10, 40, 40, 10, 40, 10, 10, 40, 40, 63, 40, 40, 40, 63, 40, 10, 40, 40, 40, 40, 40, 40, 40, 40, 40, 40, 10, 40, 63, 40, 10, 40, 10, 40, 10, 40, 40, 40, 40, 63, 10, 63, 10, 40, 10, 10, 10, 40, 10, 10, 10, 10, 40, 40
41, 121, 38, 107, 59, 2, 121, 41, 38, 57, 41, 57, 121, 41, 2, 121, 2, 41, 38, 59, 121, 38, 99, 121, 2, 41, 2, 2, 2, 107, 21, 38, 76, 21, 99, 57, 2, 59, 38, 107, 76, 99, 20, 107, 59, 21, 41, 76, 38, 20, 41, 41, 59, 99, 20, 59, 2, 41, 107, 99, 57, 38, 21, 41, 57, 121, 41, 59, 41, 107, 21, 107, 21, 41, 21, 57, 21, 38, 57, 2, 21, 21, 38, 76
42, 42, 42, 42, 42, 42, 42, 42, 42, 42, 42, 42, 42, 42, 42, 42, 42, 42, 42, 42, 42, 42, 42, 42, 42, 42, 42, 42, 42, 42, 42, 42, 42, 42, 42, 42, 42, 42, 42, 42, 42, 42, 42, 42, 42, 42, 42, 42, 42, 42, 42, 42, 42, 42, 42, 42, 42, 42, 42, 42, 42, 42, 42, 42, 42, 42, 42, 42, 42, 42, 42, 42, 42, 42, 42, 42, 42, 42, 42, 42, 42, 42, 42, 42
43, 35, 35, 74, 43, 9, 35, 43, 35, 122, 43, 122, 35, 43, 9, 35, 9, 43, 35, 43, 35, 43, 74, 35, 9, 43, 9, 9, 24, 78, 24, 35, 74, 24, 43, 24, 9, 43, 35, 78, 74, 74, 43, 78, 43, 24, 43, 74, 35, 43, 43, 43, 43, 74, 43, 43, 9, 43, 78, 43, 24, 35, 24, 43, 24, 35, 43, 43, 43, 78, 24, 78, 24, 43, 24, 24, 24, 43, 24, 9, 24, 24, 35, 74
44, 44, 44, 44, 44, 44, 44, 44, 44, 44, 44, 44, 44, 44, 44, 44, 44, 44, 44, 44, 44, 44, 44, 44, 44, 44, 44, 44, 44, 44, 44, 44, 44, 44, 44, 44, 44, 44, 44, 44, 44, 44, 44, 44, 44, 44, 44, 44, 44, 44, 44, 44, 44, 44, 44, 44, 44, 44, 44, 44, 44, 44, 44, 44, 44, 44, 44, 44, 44, 44, 44, 44, 44, 44, 44, 44, 44, 44, 44, 44, 44, 44, 44, 44
45, 45, 45, 45, 45, 45, 45, 45, 45, 45, 45, 45, 45, 45, 45, 45, 45, 45, 45, 45, 45, 45, 45, 45, 45, 45, 45, 45, 45, 45, 45, 45, 45, 45, 45, 45, 45, 45, 45, 45, 45, 45, 45, 45, 45, 45, 45, 45, 45, 45, 45, 45, 45, 45, 45, 45, 45, 45, 45, 45, 45, 45, 45, 45, 45, 45, 45, 45, 45, 45, 45, 45, 45, 45, 45, 45, 45, 45, 45, 45, 45, 45, 45, 45
46, 46, 46, 88, 46, 55, 46, 46, 46, 55, 46, 55, 55, 46, 55, 46, 55, 46, 46, 46, 46, 46, 46, 46, 55, 46, 55, 55, 55, 88, 55, 46, 46, 55, 46, 55, 55, 46, 46, 88, 46, 46, 46, 88, 46, 55, 46, 88, 46, 46, 46, 46, 46, 46, 46, 46, 55, 46, 88, 46, 55, 46, 55, 46, 55, 46, 46, 46, 46, 88, 55, 88, 55, 46, 55, 55, 55, 46, 55, 55, 55, 55, 46, 88
47, 25, 47, 1, 47, 25, 25, 47, 47, 50, 47, 50, 25, 47, 25, 47, 25, 47, 47, 47, 25, 47, 47, 25, 25, 47, 25, 25, 25, 1, 25, 47, 1, 50, 47, 50, 25, 47, 47, 1, 1, 1, 47, 1, 47, 25, 47, 1, 47, 47, 47, 47, 47, 1, 47, 47, 25, 47, 1, 47, 50, 47, 25, 47, 50, 25, 47, 47, 47, 1, 25, 1, 25, 47, 50, 50, 25, 47, 50, 25, 50, 50, 47, 1
48, 29, 48, 98, 48, 29, 29, 48, 48, 39, 48, 39, 29, 48, 29, 29, 29, 48, 48, 48, 29, 48, 48, 29, 29, 48, 29, 29, 29, 98, 39, 48, 98, 39, 48, 39, 29, 48, 48, 98, 48, 48, 48, 98, 48, 39, 48, 98, 48, 48, 48, 48, 48, 48, 48, 48, 29, 48, 98, 48, 39, 48, 29, 48, 39, 29, 48, 48, 48, 98, 29, 98, 39, 48, 39, 39, 39, 48, 39, 29, 39, 39, 48, 98
49, 49, 49, 103, 49, 88, 88, 49, 49, 46, 49, 46, 88, 49, 88, 49, 88, 49, 49, 49, 88, 49, 49, 88, 88, 49, 88, 88, 88, 103, 88, 49, 103, 88, 49, 46, 88, 49, 49, 103, 49, 49, 49, 103, 49, 88, 49, 103, 49, 49, 49, 49, 49, 49, 49, 49, 88, 49, 103, 49, 46, 49, 88, 49, 46, 88, 49, 49, 49, 103, 88, 103, 88, 49, 88, 46, 88, 49, 46, 88, 88, 88, 49, 103
50, 53, 50, 25, 50, 53, 53, 50, 50, 98, 50, 98, 53, 50, 53, 53, 53, 50, 50, 50, 53, 50, 50, 53, 53, 50, 53, 53, 53, 25, 98, 50, 25, 98, 50, 98, 53, 50, 50, 25, 50, 50, 50, 25, 50, 98, 50, 25, 50, 50, 50, 50, 50, 50, 50, 50, 53, 50, 25, 50, 98, 50, 53, 50, 98, 53, 50, 50, 50, 25, 53, 25, 98, 50, 98, 98, 98, 50, 98, 53, 98, 98, 50, 25
51, 51, 51, 51, 51, 51, 51, 51, 51, 51, 51, 51, 51, 51, 51, 51, 51, 51, 51, 51, 51, 51, 51, 51, 51, 51, 51, 51, 51, 51, 51, 51, 51, 51, 51, 51, 51, 51, 51, 51, 51, 51, 51, 51, 51, 51, 51, 51, 51, 51, 51, 51, 51, 51, 51, 51, 51, 51, 51, 51, 51, 51, 51, 51, 51, 51, 51, 51, 51, 51, 51, 51, 51, 51, 51, 51, 51, 51, 51, 51, 51, 51, 51, 51
52, 52, 52, 52, 52, 52, 52, 52, 52, 52, 52, 52, 52, 52, 52, 52, 52, 52, 52, 52, 52, 52, 52, 52, 52, 52, 52, 52, 52, 52, 52, 52, 52, 52, 52, 52, 52, 52, 52, 52, 52, 52, 52, 52, 52, 52, 52, 52, 52, 52, 52, 52, 52, 52, 52, 52, 52, 52, 52, 52, 52, 52, 52, 52, 52, 52, 52, 52, 52, 52, 52, 52, 52, 52, 52, 52, 52, 52, 52, 52, 52, 52, 52, 52
53, 98, 53, 50, 53, 98, 98, 53, 53, 48, 53, 48, 98, 53, 98, 98, 98, 53, 53, 53, 98, 53, 53, 98, 98, 53, 98, 98, 98, 50, 98, 53, 50, 48, 53, 48, 98, 53, 53, 50, 50, 50, 53, 50, 53, 98, 53, 50, 53, 53, 53, 53, 53, 53, 53, 53, 98, 53, 50, 53, 48, 53, 98, 53, 48, 98, 53, 53, 53, 50, 98, 50, 98, 53, 48, 48, 98, 53, 48, 98, 48, 48, 53, 50
54, 54, 54, 54, 54, 110, 54, 54, 54, 110, 54, 110, 54, 54, 54, 54, 54, 54, 54, 54, 54, 54, 54, 54, 110, 54, 54, 54, 110, 23, 110, 54, 54, 110, 54, 110, 110, 54, 54, 54, 54, 54, 54, 23, 54, 110, 54, 54, 54, 54, 54, 54, 54, 54, 54, 54, 54, 54, 23, 54, 110, 54, 110, 54, 110, 54, 54, 54, 54, 54, 110, 54, 110, 54, 110, 110, 110, 54, 110, 54, 110, 110, 54, 54
55, 55, 55, 46, 55, 113, 55, 55, 55, 113, 55, 92, 55, 55, 113, 55, 113, 55, 55, 55, 55, 55, 55, 55, 113, 55, 113, 113, 113, 46, 113, 55, 55, 113, 55, 113, 113, 55, 55, 46, 55, 55, 55, 46, 55, 113, 55, 46, 55, 55, 55, 55, 55, 55, 55, 55, 113, 55, 46, 55, 113, 55, 113, 55, 113, 55, 55, 55, 55, 46, 113, 46, 113, 55, 113, 113, 113, 55, 113, 113, 113, 113, 55, 46
56, 56, 56, 56, 56, 56, 56, 56, 56, 56, 56, 56, 56, 56, 56, 56, 56, 56, 56, 56, 56, 56, 56, 56, 56, 56, 56, 56, 56, 56, 56, 56, 56, 56, 56, 56, 56, 56, 56, 56, 56, 56, 56, 56, 56, 56, 56, 56, 56, 56, 56, 56, 56, 56, 56, 56, 56, 56, 56, 56, 56, 56, 56, 56, 56, 56, 56, 56, 56, 56, 56, 56, 56, 56, 56, 56, 56, 56, 56, 56, 56, 56, 56, 56
57, 28, 28, 2, 57, 124, 28, 57, 57, 3, 57, 3, 28, 57, 124, 28, 124, 57, 57, 57, 28, 57, 21, 28, 18, 57, 124, 124, 18, 121, 18, 28, 21, 70, 21, 70, 124, 57, 28, 2, 21, 21, 57, 121, 57, 18, 57, 2, 28, 57, 57, 57, 57, 21, 57, 57, 124, 57, 121, 21, 70, 57, 18, 57, 70, 28, 57, 57, 57, 2, 18, 2, 18, 57, 70, 70, 18, 57, 70, 124, 70, 70, 28, 2
58, 58, 58, 114, 58, 12, 58, 58, 58, 12, 58, 12, 58, 58, 12, 58, 12, 58, 58, 58, 58, 58, 58, 58, 12, 58, 12, 12, 12, 114, 12, 58, 58, 12, 58, 12, 12, 58, 58, 114, 58, 58, 58, 114, 58, 12, 58, 114, 58, 58, 58, 58, 58, 58, 58, 58, 12, 58, 114, 58, 12, 58, 12, 58, 12, 58, 58, 58, 58, 114, 12, 114, 12, 58, 12, 12, 12, 58, 12, 12, 12, 12, 58, 114
59, 38, 38, 107, 99, 2, 121, 59, 20, 57, 59, 57, 121, 59, 2, 38, 2, 59, 20, 99, 121, 20, 76, 121, 2, 59, 121, 2, 2, 107, 21, 38, 76, 21, 99, 21, 2, 99, 38, 107, 76, 76, 41, 107, 99, 21, 59, 76, 38, 41, 59, 59, 99, 76, 20, 99, 2, 59, 107, 99, 21, 20, 2, 59, 21, 121, 59, 99, 59, 107, 2, 107, 21, 59, 21, 21, 21, 20, 57, 2, 21, 21, 20, 107
60, 60, 60, 60, 60, 60, 60, 60, 60, 60, 60, 60, 60, 60, 60, 60, 60, 60, 60, 60, 60, 60, 60, 60, 60, 60, 60, 60, 60, 60, 60, 60, 60, 60, 60, 60, 60, 60, 60, 60, 60, 60, 60, 60, 60, 60, 60, 60, 60, 60, 60, 60, 60, 60, 60, 60, 60, 60, 60, 60, 60, 60, 60, 60, 60, 60, 60, 60, 60, 60, 60, 60, 60, 60, 60, 60, 60, 60, 60, 60, 60, 60, 60, 60
61, 30, 61, 119, 61, 30, 30, 61, 61, 112, 61, 112, 30, 61, 30, 30, 30, 61, 61, 61, 30, 61, 61, 30, 30, 61, 30, 30, 30, 119, 37, 61, 119, 37, 61, 37, 30, 61, 61, 119, 119, 61, 61, 119, 61, 37, 61, 119, 61, 61, 61, 61, 61, 61, 61, 61, 30, 61, 119, 61, 37, 61, 37, 61, 37, 30, 61, 61, 61, 119, 37, 119, 37, 61, 37, 37, 37, 61, 37, 30, 37, 37, 61, 119
62, 62, 62, 62, 62, 62, 62, 62, 62, 62, 62, 62, 62, 62, 62, 62, 62, 62, 62, 62, 62, 62, 62, 62, 62, 62, 62, 62, 62, 62, 62, 62, 62, 62, 62, 62, 62, 62, 62, 62, 62, 62, 62, 62, 62, 62, 62, 62, 62, 62, 62, 62, 62, 62, 62, 62, 62, 62, 62, 62, 62, 62, 62, 62, 62, 62, 62, 62, 62, 62, 62, 62, 62, 62, 62, 62, 62, 62, 62, 62, 62, 62, 62, 62
63, 63, 63, 63, 63, 40, 63, 63, 63, 40, 63, 40, 63, 63, 40, 63, 40, 63, 63, 63, 63, 63, 63, 63, 40, 63, 40, 40, 40, 63, 40, 63, 63, 40, 63, 40, 40, 63, 63, 63, 63, 63, 63, 63, 63, 40, 63, 63, 63, 63, 63, 63, 63, 63, 63, 63, 40, 63, 63, 63, 40, 63, 40, 63, 40, 63, 63, 63, 63, 63, 40, 63, 40, 63, 40, 40, 40, 63, 40, 40, 40, 40, 63, 63
64, 64, 64, 64, 64, 64, 64, 64, 64, 64, 64, 64, 64, 64, 64, 64, 64, 64, 64, 64, 64, 64, 64, 64, 64, 64, 64, 64, 64, 64, 64, 64, 64, 64, 64, 64, 64, 64, 64, 64, 64, 64, 64, 64, 64, 64, 64, 64, 64, 64, 64, 64, 64, 64, 64, 64, 64, 64, 64, 64, 64, 64, 64, 64, 64, 64, 64, 64, 64, 64, 64, 64, 64, 64, 64, 64, 64, 64, 64, 64, 64, 64, 64, 64
65, 65, 65, 65, 65, 65, 65, 65, 65, 65, 65, 65, 65, 65, 65, 65, 65, 65, 65, 65, 65, 65, 65, 65, 65, 65, 65, 65, 65, 65, 65, 65, 65, 65, 65, 65, 65, 65, 65, 65, 65, 65, 65, 65, 65, 65, 65, 65, 65, 65, 65, 65, 65, 65, 65, 65, 65, 65, 65, 65, 65, 65, 65, 65, 65, 65, 65, 65, 65, 65, 65, 65, 65, 65, 65, 65, 65, 65, 65, 65, 65, 65, 65, 65
66, 66, 66, 66, 66, 66, 66, 66, 66, 66, 66, 66, 66, 66, 66, 66, 66, 66, 66, 66, 66, 66, 66, 66, 66, 66, 66, 66, 66, 66, 66, 66, 66, 66, 66, 66, 66, 66, 66, 66, 66, 66, 66, 66, 66, 66, 66, 66, 66, 66, 66, 66, 66, 66, 66, 66, 66, 66, 66, 66, 66, 66, 66, 66, 66, 66, 66, 66, 66, 66, 66, 66, 66, 66, 66, 66, 66, 66, 66, 66, 66, 66, 66, 66
67, 67, 67, 118, 67, 75, 67, 67, 67, 75, 67, 75, 67, 67, 75, 67, 75, 67, 67, 67, 67, 67, 67, 67, 75, 67, 75, 75, 75, 118, 75, 67, 67, 75, 67, 75, 75, 67, 67, 118, 67, 67, 67, 118, 67, 75, 67, 67, 67, 67, 67, 67, 67, 67, 67, 67, 75, 67, 118, 67, 75, 67, 75, 67, 75, 67, 67, 67, 67, 118, 75, 118, 75, 67, 75, 75, 75, 67, 75, 75, 75, 75, 67, 118
68, 68, 68, 68, 68, 68, 68, 68, 68, 68, 68, 68, 68, 68, 68, 68, 68, 68, 68, 68, 68, 68, 68, 68, 68, 68, 68, 68, 68, 68, 68, 68, 68, 68, 68, 68, 68, 68, 68, 68, 68, 68, 68, 68, 68, 68, 68, 68, 68, 68, 68, 68, 68, 68, 68, 68, 68, 68, 68, 68, 68, 68, 68, 68, 68, 68, 68, 68, 68, 68, 68, 68, 68, 68, 68, 68, 68, 68, 68, 68, 68, 68, 68, 68
69, 69, 69, 69, 69, 69, 69, 69, 69, 69, 69, 69, 69, 69, 69, 69, 69, 69, 69, 69, 69, 69, 69, 69, 69, 69, 69, 69, 69, 69, 69, 69, 69, 69, 69, 69, 69, 69, 69, 69, 69, 69, 69, 69, 69, 69, 69, 69, 69, 69, 69, 69, 69, 69, 69, 69, 69, 69, 69, 69, 69, 69, 69, 69, 69, 69, 69, 69, 69, 69, 69, 69, 69, 69, 69, 69, 69, 69, 69, 69, 69, 69, 69, 69
70, 3, 70, 28, 70, 84, 3, 70, 70, 1, 70, 1, 3, 70, 84, 3, 3, 70, 70, 18, 3, 70, 124, 3, 84, 70, 3, 84, 84, 28, 84, 70, 124, 84, 18, 84, 84, 70, 3, 28, 124, 124, 70, 28, 18, 84, 70, 124, 3, 70, 70, 70, 18, 124, 70, 18, 84, 70, 28, 18, 84, 70, 84, 70, 84, 3, 70, 18, 70, 28, 84, 28, 84, 70, 84, 84, 84, 70, 1, 84, 84, 84, 70, 28
71, 82, 82, 77, 71, 94, 82, 71, 82, 32, 71, 32, 82, 71, 94, 82, 94, 71, 82, 71, 82, 82, 101, 82, 94, 71, 94, 94, 94, 77, 27, 82, 101, 27, 71, 27, 94, 71, 82, 77, 101, 101, 71, 77, 71, 27, 71, 101, 82, 71, 71, 71, 71, 101, 71, 71, 94, 71, 77, 71, 27, 82, 27, 71, 27, 82, 71, 71, 71, 77, 27, 77, 27, 71, 27, 27, 27, 71, 32, 94, 27, 27, 82, 77
72, 72, 72, 72, 72, 72, 72, 72, 72, 72, 72, 72, 72, 72, 72, 72, 72, 72, 72, 72, 72, 72, 72, 72, 72, 72, 72, 72, 72, 72, 72, 72, 72, 72, 72, 72, 72, 72, 72, 72, 72, 72, 72, 72, 72, 72, 72, 72, 72, 72, 72, 72, 72, 72, 72, 72, 72, 72, 72, 72, 72, 72, 72, 72, 72, 72, 72, 72, 72, 72, 72, 72, 72, 72, 72, 72, 72, 72, 72, 72, 72, 72, 72, 72
73, 73, 73, 73, 73, 73, 73, 73, 73, 73, 73, 73, 73, 73, 73, 73, 73, 73, 73, 73, 73, 73, 73, 73, 73, 73, 73, 73, 73, 73, 73, 73, 73, 73, 73, 73, 73, 73, 73, 73, 73, 73, 73, 73, 73, 73, 73, 73, 73, 73, 73, 73, 73, 73, 73, 73, 73, 73, 73, 73, 73, 73, 73, 73, 73, 73, 73, 73, 73, 73, 73, 73, 73, 73, 73, 73, 73, 73, 73, 73, 73, 73, 73, 73
74, 43, 43, 78, 74, 35, 43, 74, 74, 24, 74, 24, 43, 74, 35, 43, 35, 74, 74, 74, 43, 74, 78, 43, 35, 74, 35, 35, 35, 78, 9, 43, 78, 9, 74, 9, 35, 74, 43, 78, 78, 78, 74, 78, 74, 9, 74, 78, 43, 74, 74, 74, 74, 78, 74, 74, 35, 74, 85, 74, 24, 74, 9, 74, 24, 43, 74, 74, 74, 78, 9, 78, 9, 74, 9, 9, 9, 74, 24, 35, 9, 9, 74, 78
75, 75, 75, 67, 75, 23, 75, 75, 75, 23, 75, 23, 75, 75, 23, 75, 23, 75, 75, 75, 75, 75, 75, 75, 23, 75, 75, 23, 23, 67, 23, 75, 75, 23, 75, 23, 23, 75, 75, 67, 75, 75, 75, 67, 75, 23, 75, 75, 75, 75, 75, 75, 75, 75, 75, 75, 23, 75, 67, 75, 23, 75, 23, 75, 23, 75, 75, 75, 75, 67, 23, 67, 23, 75, 23, 23, 23, 75, 23, 23, 23, 23, 75, 75
76, 59, 99, 32, 76, 121, 41, 76, 99, 21, 76, 21, 20, 76, 38, 59, 38, 76, 99, 76, 41, 99, 107, 59, 121, 76, 38, 38, 121, 32, 121, 99, 107, 2, 76, 2, 121, 76, 99, 32, 107, 107, 76, 32, 76, 121, 76, 32, 99, 76, 76, 76, 76, 107, 99, 76, 38, 76, 27, 76, 2, 99, 121, 76, 2, 59, 76, 76, 76, 32, 121, 32, 121, 76, 2, 2, 121, 99, 2, 38, 2, 2, 99, 32
77, 101, 101, 109, 77, 71, 101, 77, 101, 94, 77, 94, 71, 77, 71, 101, 71, 77, 101, 77, 101, 101, 109, 101, 71, 77, 71, 71, 82, 109, 82, 101, 109, 82, 77, 82, 71, 77, 101, 109, 109, 109, 77, 109, 77, 82, 77, 109, 101, 77, 77, 77, 77, 109, 77, 77, 71, 77, 109, 109, 94, 101, 82, 77, 94, 101, 77, 77, 77, 109, 82, 109, 82, 77, 82, 82, 82, 77, 94, 71, 82, 82, 101, 109
78, 74, 78, 85, 78, 43, 74, 78, 78, 35, 78, 9, 74, 78, 74, 74, 74, 78, 78, 78, 74, 78, 85, 74, 43, 78, 74, 74, 43, 85, 43, 78, 85, 43, 78, 35, 43, 78, 74, 85, 85, 85, 78, 85, 78, 43, 78, 85, 74, 78, 78, 78, 78, 85, 78, 78, 74, 78, 80, 78, 35, 78, 43, 78, 35, 74, 78, 78, 78, 85, 43, 85, 43, 78, 43, 35, 43, 78, 35, 74, 35, 35, 78, 85
79, 79, 79, 79, 79, 7, 79, 79, 79, 7, 79, 7, 79, 79, 7, 79, 79, 79, 79, 79, 79, 79, 79, 79, 7, 79, 79, 7, 7, 79, 7, 79, 79, 7, 79, 7, 7, 79, 79, 79, 79, 79, 79, 79, 79, 7, 79, 79, 79, 79, 79, 79, 79, 79, 79, 79, 7, 79, 110, 79, 7, 79, 7, 79, 7, 79, 79, 79, 79, 79, 7, 79, 7, 79, 7, 7, 7, 79, 7, 7, 7, 7, 79, 79
80, 85, 80, 39, 80, 85, 85, 80, 80, 74, 80, 74, 85, 80, 85, 85, 85, 80, 80, 80, 85, 80, 39, 85, 78, 80, 85, 85, 78, 39, 78, 80, 39, 78, 80, 78, 85, 80, 85, 39, 39, 39, 80, 39, 80, 78, 80, 39, 85, 80, 80, 80, 80, 39, 80, 80, 85, 80, 39, 80, 78, 80, 78, 80, 78, 85, 80, 80, 80, 39, 78, 39, 78, 80, 78, 78, 78, 80, 78, 85, 78, 78, 80, 39
81, 81, 81, 81, 81, 81, 81, 81, 81, 81, 81, 81, 81, 81, 81, 81, 81, 81, 81, 81, 81, 81, 81, 81, 81, 81, 81, 81, 81, 81, 81, 81, 81, 81, 81, 81, 81, 81, 81, 81, 81, 81, 81, 81, 81, 81, 81, 81, 81, 81, 81, 81, 81, 81, 81, 81, 81, 81, 81, 81, 81, 81, 81, 81, 81, 81, 81, 81, 81, 81, 81, 81, 81, 81, 81, 81, 81, 81, 81, 81, 81, 81, 81, 81
82, 94, 94, 101, 82, 27, 94, 82, 82, 107, 82, 107, 94, 82, 27, 94, 27, 82, 82, 82, 94, 82, 71, 94, 27, 82, 27, 27, 27, 101, 32, 94, 71, 32, 82, 32, 27, 82, 94, 101, 71, 71, 82, 101, 82, 32, 82, 71, 94, 82, 82, 82, 82, 71, 82, 82, 27, 82, 101, 82, 32, 82, 32, 82, 32, 94, 82, 82, 82, 101, 32, 101, 32, 82, 32, 32, 32, 82, 107, 27, 32, 32, 82, 101
83, 83, 83, 83, 83, 83, 83, 83, 83, 83, 83, 83, 83, 83, 83, 83, 83, 83, 83, 83, 83, 83, 83, 83, 83, 83, 83, 83, 83, 83, 83, 83, 83, 83, 83, 83, 83, 83, 83, 83, 83, 83, 83, 83, 83, 83, 83, 83, 83, 83, 83, 83, 83, 83, 83, 83, 83, 83, 83, 83, 83, 83, 83, 83, 83, 83, 83, 83, 83, 83, 83, 83, 83, 83, 83, 83, 83, 83, 83, 83, 83, 83, 83, 83
84, 1, 84, 3, 84, 1, 1, 84, 84, 47, 84, 47, 1, 84, 1, 1, 1, 84, 84, 84, 1, 84, 3, 1, 1, 84, 1, 1, 1, 70, 47, 84, 3, 47, 84, 47, 1, 84, 84, 3, 3, 3, 84, 70, 84, 47, 84, 3, 84, 84, 84, 84, 84, 3, 84, 84, 1, 84, 70, 84, 47, 84, 1, 84, 47, 1, 84, 84, 84, 3, 1, 3, 47, 84, 47, 47, 47, 84, 47, 1, 47, 47, 84, 3
85, 78, 85, 80, 85, 78, 78, 85, 85, 43, 85, 43, 78, 85, 78, 78, 78, 85, 85, 85, 78, 85, 80, 78, 74, 85, 78, 78, 74, 80, 74, 85, 80, 74, 85, 74, 78, 85, 78, 80, 80, 80, 85, 80, 85, 74, 85, 80, 78, 85, 85, 85, 85, 80, 85, 85, 78, 85, 39, 85, 74, 85, 74, 85, 74, 78, 85, 85, 85, 80, 74, 80, 74, 85, 74, 74, 74, 85, 43, 78, 74, 74, 85, 80
86, 127, 127, 4, 86, 95, 127, 86, 127, 114, 86, 114, 95, 86, 95, 127, 95, 86, 127, 86, 127, 127, 86, 127, 95, 86, 95, 95, 95, 4, 95, 127, 86, 114, 86, 114, 95, 86, 127, 4, 86, 86, 86, 4, 86, 95, 86, 86, 127, 86, 86, 86, 86, 86, 86, 86, 95, 86, 4, 86, 114, 127, 95, 86, 114, 127, 86, 86, 86, 4, 95, 4, 95, 86, 95, 114, 95, 86, 114, 95, 114, 114, 127, 86
87, 87, 87, 87, 87, 87, 87, 87, 87, 87, 87, 87, 87, 87, 87, 87, 87, 87, 87, 87, 87, 87, 87, 87, 87, 87, 87, 87, 87, 87, 87, 87, 87, 87, 87, 87, 87, 87, 87, 87, 87, 87, 87, 87, 87, 87, 87, 87, 87, 87, 87, 87, 87, 87, 87, 87, 87, 87, 87, 87, 87, 87, 87, 87, 87, 87, 87, 87, 87, 87, 87, 87, 87, 87, 87, 87, 87, 87, 87, 87, 87, 87, 87, 87
88, 88, 88, 49, 88, 46, 46, 88, 88, 55, 88, 55, 46, 88, 46, 88, 46, 88, 88, 88, 88, 88, 88, 88, 46, 88, 46, 46, 46, 49, 46, 88, 49, 46, 88, 46, 46, 88, 88, 49, 88, 88, 88, 49, 88, 46, 88, 49, 88, 88, 88, 88, 88, 88, 88, 88, 46, 88, 49, 88, 46, 88, 46, 88, 46, 88, 88, 88, 88, 49, 46, 49, 46, 88, 46, 46, 46, 88, 46, 46, 46, 46, 88, 49
89, 89, 89, 89, 89, 34, 89, 89, 89, 34, 89, 34, 89, 89, 34, 89, 34, 89, 89, 89, 89, 89, 89, 89, 34, 89, 89, 34, 34, 10, 34, 89, 89, 34, 89, 34, 34, 89, 89, 10, 89, 89, 89, 10, 89, 34, 89, 89, 89, 89, 89, 89, 89, 89, 89, 89, 34, 89, 10, 89, 34, 89, 34, 89, 34, 89, 89, 89, 89, 10, 34, 10, 34, 89, 34, 34, 34, 89, 34, 34, 34, 34, 89, 89
90, 90, 90, 90, 90, 90, 90, 90, 90, 90, 90, 90, 90, 90, 90, 90, 90, 90, 90, 90, 90, 90, 90, 90, 90, 90, 90, 90, 90, 90, 90, 90, 90, 90, 90, 90, 90, 90, 90, 90, 90, 90, 90, 90, 90, 90, 90, 90, 90, 90, 90, 90, 90, 90, 90, 90, 90, 90, 90, 90, 90, 90, 90, 90, 90, 90, 90, 90, 90, 90, 90, 90, 90, 90, 90, 90, 90, 90, 90, 90, 90, 90, 90, 90
91, 91, 91, 6, 91, 36, 36, 91, 91, 36, 91, 36, 36, 91, 36, 91, 36, 91, 91, 91, 36, 91, 91, 36, 36, 91, 36, 36, 36, 6, 36, 91, 91, 36, 91, 36, 36, 91, 91, 6, 91, 91, 91, 6, 91, 36, 91, 6, 91, 91, 91, 91, 91, 91, 91, 91, 36, 91, 6, 91, 36, 91, 36, 91, 36, 36, 91, 91, 91, 6, 36, 6, 36, 91, 36, 36, 36, 91, 36, 36, 36, 36, 91, 6
92, 92, 92, 113, 92, 8, 8, 92, 92, 119, 92, 119, 8, 92, 8, 92, 8, 92, 92, 92, 8, 92, 92, 8, 8, 92, 8, 8, 8, 113, 8, 92, 92, 8, 92, 119, 8, 92, 92, 113, 92, 92, 92, 113, 92, 8, 92, 113, 92, 92, 92, 92, 92, 92, 92, 92, 8, 92, 113, 92, 119, 92, 8, 92, 119, 8, 92, 92, 92, 113, 8, 113, 8, 92, 8, 119, 8, 92, 119, 8, 119, 119, 92, 113
93, 93, 93, 93, 93, 6, 93, 93, 93, 6, 93, 6, 93, 93, 6, 93, 6, 93, 93, 93, 93, 93, 93, 93, 6, 93, 93, 6, 6, 117, 6, 93, 93, 6, 93, 6, 6, 93, 93, 93, 93, 93, 93, 117, 93, 6, 93, 93, 93, 93, 93, 93, 93, 93, 93, 93, 6, 93, 117, 93, 6, 93, 6, 93, 6, 93, 93, 93, 93, 93, 6, 93, 6, 93, 6, 6, 6, 93, 6, 6, 6, 6, 93, 93
94, 27, 27, 71, 94, 32, 27, 94, 27, 76, 94, 99, 32, 94, 32, 27, 32, 94, 27, 94, 27, 27, 82, 27, 32, 94, 32, 32, 107, 71, 107, 27, 82, 107, 94, 76, 32, 94, 27, 71, 82, 82, 94, 71, 94, 107, 94, 82, 27, 94, 94, 94, 94, 82, 94, 94, 32, 94, 71, 94, 76, 27, 107, 94, 76, 27, 94, 94, 94, 71, 107, 71, 107, 94, 107, 76, 107, 94, 76, 32, 107, 107, 27, 82
95, 95, 95, 86, 95, 114, 114, 95, 95, 58, 95, 58, 114, 95, 114, 95, 114, 95, 95, 95, 95, 95, 127, 95, 114, 95, 114, 114, 114, 86, 114, 95, 127, 114, 95, 114, 114, 95, 95, 86, 127, 127, 95, 86, 95, 114, 95, 86, 95, 95, 95, 95, 95, 127, 95, 95, 114, 95, 86, 95, 114, 95, 114, 95, 114, 95, 95, 95, 95, 86, 114, 86, 114, 95, 114, 114, 114, 95, 58, 114, 114, 114, 95, 86
96, 96, 96, 96, 96, 96, 96, 96, 96, 96, 96, 96, 96, 96, 96, 96, 96, 96, 96, 96, 96, 96, 96, 96, 96, 96, 96, 96, 96, 96, 96, 96, 96, 96, 96, 96, 96, 96, 96, 96, 96, 96, 96, 96, 96, 96, 96, 96, 96, 96, 96, 96, 96, 96, 96, 96, 96, 96, 96, 96, 96, 96, 96, 96, 96, 96, 96, 96, 96, 96, 96, 96, 96, 96, 96, 96, 96, 96, 96, 96, 96, 96, 96, 96
97, 97, 97, 97, 97, 97, 97, 97, 97, 97, 97, 97, 97, 97, 97, 97, 97, 97, 97, 97, 97, 97, 97, 97, 97, 97, 97, 97, 97, 97, 97, 97, 97, 97, 97, 97, 97, 97, 97, 97, 97, 97, 97, 97, 97, 97, 97, 97, 97, 97, 97, 97, 97, 97, 97, 97, 97, 97, 97, 97, 97, 97, 97, 97, 97, 97, 97, 97, 97, 97, 97, 97, 97, 97, 97, 97, 97, 97, 97, 97, 97, 97, 97, 97
98, 48, 98, 53, 98, 48, 48, 98, 98, 29, 98, 29, 48, 98, 48, 98, 48, 98, 98, 98, 48, 98, 98, 48, 48, 98, 48, 48, 48, 53, 48, 98, 53, 29, 98, 29, 48, 98, 98, 53, 53, 98, 98, 53, 98, 48, 98, 53, 98, 98, 98, 98, 98, 98, 98, 98, 48, 98, 53, 98, 29, 98, 48, 98, 29, 48, 98, 98, 98, 53, 48, 53, 48, 98, 29, 29, 48, 98, 29, 48, 29, 29, 98, 53
99, 38, 41, 107, 99, 2, 38, 99, 41, 21, 99, 57, 38, 99, 121, 20, 121, 99, 41, 76, 38, 59, 76, 38, 2, 99, 121, 121, 2, 32, 2, 41, 107, 21, 76, 21, 121, 99, 20, 107, 76, 76, 59, 32, 99, 2, 99, 107, 20, 59, 99, 99, 99, 76, 59, 99, 121, 99, 32, 76, 21, 41, 2, 99, 21, 38, 99, 76, 99, 107, 2, 107, 2, 99, 2, 21, 2, 59, 21, 121, 21, 21, 41, 107
100, 100, 100, 100, 100, 100, 100, 100, 100, 100, 100, 100, 100, 100, 100, 100, 100, 100, 100, 100, 100, 100, 100, 100, 100, 100, 100, 100, 100, 100, 100, 100, 100, 100, 100, 100, 100, 100, 100, 100, 100, 100, 100, 100, 100, 100, 100, 100, 100, 100, 100, 100, 100, 100, 100, 100, 100, 100, 100, 100, 100, 100, 100, 100, 100, 100, 100, 100, 100, 100, 100, 100, 100, 100, 100, 100, 100, 100, 100, 100, 100, 100, 100, 100
101, 71, 71, 109, 101, 82, 71, 101, 71, 27, 101, 27, 82, 101, 82, 71, 82, 101, 71, 101, 71, 71, 77, 71, 82, 101, 82, 82, 82, 109, 94, 71, 77, 94, 101, 94, 82, 101, 71, 109, 77, 77, 101, 109, 101, 94, 101, 109, 71, 101, 101, 101, 101, 77, 101, 101, 82, 101, 109, 101, 94, 71, 94, 101, 94, 71, 101, 101, 101, 109, 94, 109, 94, 101, 94, 94, 94, 101, 27, 82, 94, 94, 71, 109
102, 102, 102, 102, 102, 102, 102, 102, 102, 102, 102, 102, 102, 102, 102, 102, 102, 102, 102, 102, 102, 102, 102, 102, 102, 102, 102, 102, 102, 102, 102, 102, 102, 102, 102, 102, 102, 102, 102, 102, 102, 102, 102, 102, 102, 102, 102, 102, 102, 102, 102, 102, 102, 102, 102, 102, 102, 102, 102, 102, 102, 102, 102, 102, 102, 102, 102, 102, 102, 102, 102, 102, 102, 102, 102, 102, 102, 102, 102, 102, 102, 102, 102, 102
103, 103, 103, 122, 103, 49, 49, 103, 103, 88, 103, 88, 49, 103, 49, 103, 49, 103, 103, 103, 49, 103, 122, 49, 49, 103, 49, 49, 49, 122, 49, 103, 122, 49, 103, 88, 49, 103, 103, 122, 122, 122, 103, 122, 103, 49, 103, 122, 103, 103, 103, 103, 103, 122, 103, 103, 49, 103, 122, 103, 88, 103, 49, 103, 88, 49, 103, 103, 103, 122, 49, 122, 49, 103, 49, 88, 49, 103, 88, 49, 88, 88, 103, 122
104, 104, 104, 104, 104, 104, 104, 104, 104, 104, 104, 104, 104, 104, 104, 104, 104, 104, 104, 104, 104, 104, 104, 104, 104, 104, 104, 104, 104, 104, 104, 104, 104, 104, 104, 104, 104, 104, 104, 104, 104, 104, 104, 104, 104, 104, 104, 104, 104, 104, 104, 104, 104, 104, 104, 104, 104, 104, 104, 104, 104, 104, 104, 104, 104, 104, 104, 104, 104, 104, 104, 104, 104, 104, 104, 104, 104, 104, 104, 104, 104, 104, 104, 104
105, 105, 105, 105, 105, 105, 105, 105, 105, 105, 105, 105, 105, 105, 105, 105, 105, 105, 105, 105, 105, 105, 105, 105, 105, 105, 105, 105, 105, 105, 105, 105, 105, 105, 105, 105, 105, 105, 105, 105, 105, 105, 105, 105, 105, 105, 105, 105, 105, 105, 105, 105, 105, 105, 105, 105, 105, 105, 105, 105, 105, 105, 105, 105, 105, 105, 105, 105, 105, 105, 105, 105, 105, 105, 105, 105, 105, 105, 105, 105, 105, 105, 105, 105
106, 106, 106, 106, 106, 106, 106, 106, 106, 106, 106, 106, 106, 106, 106, 106, 106, 106, 106, 106, 106, 106, 106, 106, 106, 106, 106, 106, 106, 106, 106, 106, 106, 106, 106, 106, 106, 106, 106, 106, 106, 106, 106, 106, 106, 106, 106, 106, 106, 106, 106, 106, 106, 106, 106, 106, 106, 106, 106, 106, 106, 106, 106, 106, 106, 106, 106, 106, 106, 106, 106, 106, 106, 106, 106, 106, 106, 106, 106, 106, 106, 106, 106, 106
107, 76, 76, 27, 107, 41, 99, 107, 76, 2, 107, 2, 99, 107, 59, 76, 59, 107, 76, 107, 76, 76, 32, 76, 20, 107, 99, 59, 20, 27, 38, 76, 32, 121, 107, 121, 41, 107, 76, 27, 32, 32, 107, 27, 107, 38, 107, 27, 76, 107, 107, 107, 107, 32, 107, 107, 59, 107, 27, 107, 121, 76, 38, 107, 121, 76, 107, 107, 107, 27, 38, 27, 38, 107, 38, 121, 38, 107, 121, 59, 121, 121, 76, 27
108, 108, 108, 108, 108, 108, 108, 108, 108, 108, 108, 108, 108, 108, 108, 108, 108, 108, 108, 108, 108, 108, 108, 108, 108, 108, 108, 108, 108, 108, 108, 108, 108, 108, 108, 108, 108, 108, 108, 108, 108, 108, 108, 108, 108, 108, 108, 108, 108, 108, 108, 108, 108, 108, 108, 108, 108, 108, 108, 108, 108, 108, 108, 108, 108, 108, 108, 108, 108, 108, 108, 108, 108, 108, 108, 108, 108, 108, 108, 108, 108, 108, 108, 108
109, 77, 77, 34, 109, 101, 101, 109, 77, 82, 109, 82, 101, 109, 101, 77, 101, 109, 77, 109, 77, 77, 109, 77, 101, 109, 101, 101, 71, 34, 71, 77, 109, 71, 109, 82, 101, 109, 77, 34, 109, 109, 109, 34, 109, 71, 109, 109, 77, 109, 109, 109, 109, 109, 109, 109, 101, 109, 34, 109, 82, 77, 71, 109, 82, 77, 109, 109, 109, 34, 71, 34, 71, 109, 71, 82, 71, 109, 82, 101, 71, 71, 77, 109
110, 110, 110, 110, 110, 79, 110, 110, 110, 79, 110, 79, 110, 110, 110, 110, 110, 110, 110, 110, 110, 110, 110, 110, 79, 110, 110, 110, 79, 54, 79, 110, 110, 79, 110, 79, 110, 110, 110, 110, 110, 110, 110, 54, 110, 79, 110, 110, 110, 110, 110, 110, 110, 110, 110, 110, 110, 110, 54, 110, 79, 110, 79, 110, 79, 110, 110, 110, 110, 110, 79, 110, 79, 110, 79, 79, 79, 110, 79, 110, 79, 79, 110, 110
111, 111, 111, 111, 111, 111, 111, 111, 111, 111, 111, 111, 111, 111, 111, 111, 111, 111, 111, 111, 111, 111, 111, 111, 111, 111, 111, 111, 111, 111, 111, 111, 111, 111, 111, 111, 111, 111, 111, 111, 111, 111, 111, 111, 111, 111, 111, 111, 111, 111, 111, 111, 111, 111, 111, 111, 111, 111, 111, 111, 111, 111, 111, 111, 111, 111, 111, 111, 111, 111, 111, 111, 111, 111, 111, 111, 111, 111, 111, 111, 111, 111, 111, 111
112, 112, 112, 37, 112, 118, 112, 112, 112, 118, 112, 118, 112, 112, 118, 112, 118, 112, 112, 112, 112, 112, 37, 112, 118, 112, 112, 118, 118, 30, 118, 112, 37, 118, 112, 118, 118, 112, 112, 37, 37, 37, 112, 30, 112, 118, 112, 37, 112, 112, 112, 112, 112, 37, 112, 112, 118, 112, 30, 112, 118, 112, 118, 112, 118, 112, 112, 112, 112, 37, 118, 37, 118, 112, 118, 118, 118, 112, 118, 118, 118, 118, 112, 37
113, 113, 113, 55, 113, 92, 92, 113, 113, 8, 113, 8, 92, 113, 92, 113, 92, 113, 113, 113, 113, 113, 113, 113, 92, 113, 92, 92, 92, 55, 92, 113, 113, 92, 113, 92, 92, 113, 113, 55, 113, 113, 113, 55, 113, 92, 113, 113, 113, 113, 113, 113, 113, 113, 113, 113, 92, 113, 55, 113, 8, 113, 92, 113, 92, 113, 113, 113, 113, 55, 92, 55, 92, 113, 92, 92, 92, 113, 8, 92, 92, 92, 113, 55
114, 114, 114, 95, 114, 58, 58, 114, 114, 58, 114, 12, 58, 114, 58, 114, 58, 114, 114, 114, 58, 114, 114, 114, 58, 114, 58, 58, 58, 95, 58, 114, 114, 58, 114, 58, 58, 114, 114, 95, 114, 114, 114, 95, 114, 58, 114, 95, 114, 114, 114, 114, 114, 114, 114, 114, 58, 114, 95, 114, 58, 114, 58, 114, 58, 114, 114, 114, 114, 95, 58, 95, 58, 114, 58, 58, 58, 114, 58, 58, 58, 58, 114, 95
115, 115, 115, 115, 115, 115, 115, 115, 115, 115, 115, 115, 115, 115, 115, 115, 115, 115, 115, 115, 115, 115, 115, 115, 115, 115, 115, 115, 115, 115, 115, 115, 115, 115, 115, 115, 115, 115, 115, 115, 115, 115, 115, 115, 115, 115, 115, 115, 115, 115, 115, 115, 115, 115, 115, 115, 115, 115, 115, 115, 115, 115, 115, 115, 115, 115, 115, 115, 115, 115, 115, 115, 115, 115, 115, 115, 115, 115, 115, 115, 115, 115, 115, 115
116, 116, 116, 116, 116, 116, 116, 116, 116, 116, 116, 116, 116, 116, 116, 116, 116, 116, 116, 116, 116, 116, 116, 116, 116, 116, 116, 116, 116, 116, 116, 116, 116, 116, 116, 116, 116, 116, 116, 116, 116, 116, 116, 116, 116, 116, 116, 116, 116, 116, 116, 116, 116, 116, 116, 116, 116, 116, 116, 116, 116, 116, 116, 116, 116, 116, 116, 116, 116, 116, 116, 116, 116, 116, 116, 116, 116, 116, 116, 116, 116, 116, 116, 116
117, 117, 117, 117, 117, 93, 117, 117, 117, 93, 117, 93, 117, 117, 117, 117, 117, 117, 117, 117, 117, 117, 117, 117, 93, 117, 117, 93, 93, 12, 93, 117, 117, 93, 117, 93, 93, 117, 117, 12, 117, 117, 117, 12, 117, 93, 117, 117, 117, 117, 117, 117, 117, 117, 117, 117, 93, 117, 12, 117, 93, 117, 93, 117, 93, 117, 117, 117, 117, 12, 93, 12, 93, 117, 93, 93, 93, 117, 93, 117, 93, 93, 117, 117
118, 118, 118, 118, 118, 67, 118, 118, 118, 67, 118, 67, 118, 118, 67, 118, 67, 118, 118, 118, 118, 118, 118, 118, 67, 118, 67, 67, 67, 112, 67, 118, 118, 67, 118, 67, 67, 118, 118, 112, 118, 118, 118, 112, 118, 67, 118, 118, 118, 118, 118, 118, 118, 118, 118, 118, 67, 118, 112, 118, 67, 118, 67, 118, 67, 118, 118, 118, 118, 112, 67, 112, 67, 118, 67, 67, 67, 118, 67, 67, 67, 67, 118, 118
119, 61, 119, 8, 119, 61, 61, 119, 119, 30, 119, 30, 61, 119, 61, 61, 61, 119, 119, 119, 61, 119, 119, 61, 61, 119, 61, 61, 61, 8, 30, 119, 8, 30, 119, 30, 61, 119, 119, 8, 119, 119, 119, 8, 119, 61, 119, 8, 119, 119, 119, 119, 119, 119, 119, 119, 61, 119, 8, 119, 30, 119, 61, 119, 30, 61, 119, 119, 119, 8, 61, 8, 30, 119, 30, 30, 61, 119, 30, 61, 30, 30, 119, 8
120, 120, 120, 120, 120, 120, 120, 120, 120, 120, 120, 120, 120, 120, 120, 120, 120, 120, 120, 120, 120, 120, 120, 120, 120, 120, 120, 120, 120, 120, 120, 120, 120, 120, 120, 120, 120, 120, 120, 120, 120, 120, 120, 120, 120, 120, 120, 120, 120, 120, 120, 120, 120, 120, 120, 120, 120, 120, 120, 120, 120, 120, 120, 120, 120, 120, 120, 120, 120, 120, 120, 120, 120, 120, 120, 120, 120, 120, 120, 120, 120, 120, 120, 120
121, 2, 2, 99, 121, 57, 21, 121, 2, 28, 121, 124, 21, 121, 21, 2, 21, 121, 2, 38, 2, 2, 20, 2, 57, 121, 21, 21, 57, 76, 57, 2, 41, 57, 38, 28, 57, 121, 2, 99, 20, 20, 121, 76, 121, 57, 121, 59, 2, 121, 121, 121, 121, 20, 121, 38, 21, 121, 76, 38, 28, 2, 57, 121, 28, 2, 121, 38, 121, 99, 57, 99, 57, 121, 57, 28, 57, 121, 28, 21, 28, 28, 2, 99
122, 103, 122, 24, 122, 103, 103, 122, 122, 49, 122, 49, 103, 122, 103, 103, 103, 122, 122, 122, 103, 122, 122, 103, 103, 122, 103, 103, 103, 9, 49, 122, 24, 49, 122, 49, 103, 122, 122, 24, 24, 24, 122, 9, 122, 49, 122, 24, 103, 122, 122, 122, 122, 122, 122, 122, 103, 122, 9, 122, 49, 122, 103, 122, 49, 103, 122, 122, 122, 24, 103, 24, 49, 122, 49, 49, 49, 122, 49, 103, 49, 49, 122, 24
123, 123, 123, 123, 123, 123, 123, 123, 123, 123, 123, 123, 123, 123, 123, 123, 123, 123, 123, 123, 123, 123, 123, 123, 123, 123, 123, 123, 123, 123, 123, 123, 123, 123, 123, 123, 123, 123, 123, 123, 123, 123, 123, 123, 123, 123, 123, 123, 123, 123, 123, 123, 123, 123, 123, 123, 123, 123, 123, 123, 123, 123, 123, 123, 123, 123, 123, 123, 123, 123, 123, 123, 123, 123, 123, 123, 123, 123, 123, 123, 123, 123, 123, 123
124, 70, 18, 57, 124, 3, 70, 124, 18, 84, 124, 84, 70, 124, 3, 70, 3, 124, 18, 124, 70, 18, 28, 70, 3, 124, 3, 3, 3, 57, 3, 18, 28, 84, 124, 84, 3, 124, 18, 57, 28, 28, 124, 57, 124, 3, 124, 28, 70, 124, 124, 124, 124, 28, 18, 124, 3, 124, 57, 124, 84, 18, 3, 124, 84, 70, 124, 124, 124, 57, 3, 57, 3, 124, 3, 84, 3, 18, 84, 3, 84, 84, 18, 57
125, 125, 125, 125, 125, 125, 125, 125, 125, 125, 125, 125, 125, 125, 125, 125, 125, 125, 125, 125, 125, 125, 125, 125, 125, 125, 125, 125, 125, 125, 125, 125, 125, 125, 125, 125, 125, 125, 125, 125, 125, 125, 125, 125, 125, 125, 125, 125, 125, 125, 125, 125, 125, 125, 125, 125, 125, 125, 125, 125, 125, 125, 125, 125, 125, 125, 125, 125, 125, 125, 125, 125, 125, 125, 125, 125, 125, 125, 125, 125, 125, 125, 125, 125
126, 126, 126, 126, 126, 126, 126, 126, 126, 126, 126, 126, 126, 126, 126, 126, 126, 126, 126, 126, 126, 126, 126, 126, 126, 126, 126, 126, 126, 126, 126, 126, 126, 126, 126, 126, 126, 126, 126, 126, 126, 126, 126, 126, 126, 126, 126, 126, 126, 126, 126, 126, 126, 126, 126, 126, 126, 126, 126, 126, 126, 126, 126, 126, 126, 126, 126, 126, 126, 126, 126, 126, 126, 126, 126, 126, 126, 126, 126, 126, 126, 126, 126, 126
127, 95, 95, 86, 127, 114, 95, 127, 95, 114, 127, 114, 95, 127, 95, 95, 95, 127, 95, 127, 95, 95, 86, 95, 114, 127, 95, 95, 114, 86, 114, 95, 86, 114, 127, 114, 114, 127, 95, 86, 86, 86, 127, 86, 127, 114, 127, 86, 95, 127, 127, 127, 127, 86, 127, 127, 95, 127, 86, 127, 114, 95, 114, 127, 114, 95, 127, 127, 127, 86, 114, 86, 114, 127, 114, 114, 114, 127, 114, 95, 114, 114, 95, 86
