0, 0, 0, 0, 0, 0, 0, 0, 0, 0, 0, 0, 0, 0, 0, 0, 0, 0, 0, 0, 0, 0, 0, 0, 0, 0, 0, 0, 0, 0, 0, 0, 0, 0, 0, 0, 0, 0, 0, 0, 0, 0, 0, 0, 0, 0, 0, 0, 0, 0, 0, 0, 0, 0, 0, 0, 0, 0, 0, 0, 0, 0, 0, 0, 0, 0, 0, 0, 0, 0, 0, 0, 0, 0, 0, 0, 0, 0, 0, 0, 0, 0, 0, 0, 0, 0, 0, 0, 0, 0, 0, 0, 0, 0, 0, 0, 0, 0, 0, 0, 0, 0, 0, 0, 0, 0, 0, 0, 0, 0, 0, 0, 0, 0, 0, 0, 0, 0, 0, 0
47, 1, 1, 47, 3, 47, 1, 1, 1, 84, 84, 1, 84, 1, 47, 84, 1, 1, 1, 1, 1, 1, 1, 1, 1, 84, 84, 1, 3, 84, 1, 47, 47, 1, 1, 1, 84, 1, 1, 1, 1, 84, 1, 84, 84, 1, 1, 84, 84, 1, 1, 1, 1, 47, 1, 84, 47, 84, 1, 1, 84, 1, 84, 47, 47, 3, 1, 1, 47, 84, 84, 47, 1, 1, 1, 84, 1, 84, 1, 1, 84, 1, 84, 1, 84, 84, 1, 47, 1, 1, 1, 3, 1, 1, 84, 1, 1, 1, 1, 84, 84, 1, 1, 47, 1, 47, 84, 84, 47, 47, 1, 1, 1, 1, 84, 1, 47, 47, 1, 1
21, 2, 2, 57, 99, 57, 2, 21, 2, 121, 38, 21, 20, 2, 57, 20, 21, 121, 121, 2, 2, 2, 2, 2, 21, 38, 38, 2, 76, 20, 21, 57, 57, 121, 2, 2, 41, 121, 2, 2, 121, 121, 121, 121, 121, 121, 21, 38, 41, 21, 2, 2, 2, 57, 21, 38, 21, 20, 2, 2, 38, 2, 38, 21, 21, 99, 121, 121, 57, 38, 38, 21, 2, 2, 2, 41, 21, 38, 2, 21, 38, 2, 20, 2, 121, 20, 2, 57, 2, 21, 21, 99, 21, 2, 121, 2, 2, 2, 2, 121, 20, 121, 121, 21, 2, 21, 38, 38, 21, 57, 2, 21, 121, 2, 99, 2, 57, 57, 21, 121
84, 3, 3, 84, 124, 84, 3, 84, 3, 70, 70, 3, 18, 3, 84, 18, 84, 3, 70, 3, 3, 3, 3, 3, 84, 70, 70, 3, 28, 18, 84, 84, 84, 3, 3, 3, 18, 70, 3, 3, 70, 70, 70, 70, 70, 3, 3, 70, 124, 3, 3, 3, 3, 84, 3, 70, 84, 18, 3, 3, 70, 3, 70, 84, 84, 124, 70, 70, 84, 70, 18, 84, 3, 3, 3, 18, 3, 18, 3, 3, 70, 3, 18, 3, 70, 18, 3, 84, 3, 84, 3, 124, 84, 3, 70, 3, 3, 3, 3, 70, 18, 70, 70, 84, 3, 84, 70, 70, 84, 84, 3, 84, 70, 3, 124, 3, 84, 84, 3, 3
4, 4, 4, 86, 7, 86, 4, 4, 4, 4, 4, 4, 4, 4, 86, 4, 4, 4, 4, 4, 4, 4, 4, 4, 4, 4, 4, 4, 7, 4, 4, 86, 4, 4, 4, 4, 7, 4, 4, 4, 4, 4, 4, 4, 4, 4, 4, 4, 7, 4, 4, 4, 4, 4, 4, 4, 4, 4, 4, 4, 4, 4, 4, 4, 4, 7, 4, 4, 4, 4, 4, 4, 4, 4, 4, 7, 4, 4, 4, 4, 4, 4, 4, 4, 4, 7, 4, 86, 4, 4, 4, 7, 4, 4, 4, 4, 4, 4, 4, 4, 4, 4, 4, 4, 4, 4, 4, 4, 4, 4, 4, 4, 4, 4, 7, 4, 86, 86, 4, 4
5, 5, 5, 5, 5, 5, 5, 5, 5, 5, 5, 5, 5, 5, 5, 5, 5, 5, 5, 5, 5, 5, 5, 5, 5, 5, 5, 5, 5, 5, 5, 5, 5, 5, 5, 5, 5, 5, 5, 5, 5, 5, 5, 5, 5, 5, 5, 5, 5, 5, 5, 5, 5, 5, 5, 5, 5, 5, 5, 5, 5, 5, 5, 5, 5, 5, 5, 5, 5, 5, 5, 5, 5, 5, 5, 5, 5, 5, 5, 5, 5, 5, 5, 5, 5, 5, 5, 5, 5, 5, 5, 5, 5, 5, 5, 5, 5, 5, 5, 5, 5, 5, 5, 5, 5, 5, 5, 5, 5, 5, 5, 5, 5, 5, 5, 5, 5, 5, 5, 5
6, 6, 6, 91, 93, 91, 6, 6, 6, 6, 6, 6, 6, 6, 91, 6, 6, 6, 6, 6, 6, 6, 6, 6, 6, 6, 6, 6, 93, 6, 6, 91, 91, 6, 6, 6, 93, 6, 6, 6, 6, 6, 6, 6, 6, 6, 6, 6, 93, 6, 6, 6, 6, 91, 6, 6, 6, 6, 6, 6, 6, 6, 6, 6, 6, 93, 6, 6, 91, 6, 6, 6, 6, 6, 6, 93, 6, 6, 6, 6, 6, 6, 6, 6, 6, 93, 6, 91, 6, 6, 6, 93, 6, 6, 6, 6, 6, 6, 6, 6, 6, 6, 6, 6, 6, 6, 6, 6, 6, 91, 6, 6, 6, 6, 93, 6, 91, 91, 6, 6
7, 7, 7, 4, 79, 4, 7, 7, 7, 7, 7, 7, 7, 7, 7, 7, 7, 7, 7, 7, 7, 7, 7, 7, 7, 7, 7, 7, 79, 7, 7, 7, 7, 7, 7, 7, 79, 7, 7, 7, 7, 7, 7, 7, 7, 7, 7, 7, 79, 7, 7, 7, 7, 7, 7, 7, 7, 7, 7, 7, 7, 7, 7, 7, 7, 79, 7, 7, 7, 7, 7, 7, 7, 7, 7, 7, 7, 7, 7, 7, 7, 7, 7, 7, 7, 7, 7, 4, 7, 7, 7, 79, 7, 7, 7, 7, 7, 7, 7, 7, 7, 7, 7, 7, 7, 7, 7, 7, 7, 7, 7, 7, 7, 7, 79, 7, 7, 4, 7, 7
119, 8, 8, 119, 92, 119, 8, 8, 8, 92, 92, 8, 92, 8, 119, 92, 8, 8, 8, 8, 8, 8, 8, 8, 8, 92, 92, 8, 92, 92, 8, 119, 119, 8, 8, 8, 92, 8, 8, 8, 8, 8, 8, 92, 8, 8, 8, 92, 92, 8, 8, 8, 8, 119, 8, 92, 8, 92, 8, 8, 92, 8, 92, 8, 8, 92, 8, 8, 119, 92, 92, 119, 8, 8, 8, 92, 8, 92, 8, 8, 92, 8, 92, 8, 8, 92, 8, 119, 8, 8, 8, 92, 8, 8, 8, 8, 8, 8, 8, 8, 92, 8, 8, 119, 8, 8, 92, 92, 119, 119, 8, 8, 8, 8, 92, 8, 119, 119, 8, 8
24, 9, 9, 122, 74, 122, 9, 24, 9, 35, 35, 24, 43, 9, 122, 43, 24, 35, 35, 9, 9, 9, 9, 9, 24, 35, 43, 9, 74, 43, 24, 24, 24, 9, 9, 9, 43, 35, 9, 9, 35, 35, 35, 35, 35, 9, 24, 35, 43, 24, 9, 9, 9, 24, 24, 35, 24, 43, 9, 9, 35, 9, 35, 24, 24, 74, 35, 35, 24, 35, 43, 24, 9, 24, 9, 43, 24, 43, 9, 24, 35, 9, 43, 9, 35, 43, 9, 122, 9, 24, 24, 43, 24, 9, 35, 9, 9, 9, 9, 35, 43, 35, 35, 24, 9, 24, 35, 35, 24, 24, 9, 24, 35, 9, 43, 9, 122, 122, 24, 9
10, 10, 10, 89, 40, 89, 10, 10, 10, 10, 10, 10, 40, 10, 10, 10, 10, 10, 10, 10, 10, 10, 10, 10, 10, 10, 10, 10, 40, 10, 10, 10, 10, 10, 10, 10, 40, 10, 10, 10, 10, 10, 10, 10, 10, 10, 10, 10, 40, 10, 10, 10, 10, 10, 10, 10, 10, 10, 10, 10, 10, 10, 10, 10, 10, 40, 10, 10, 10, 10, 10, 10, 10, 10, 10, 40, 10, 10, 10, 10, 10, 10, 10, 10, 10, 40, 10, 89, 10, 10, 10, 40, 10, 10, 10, 10, 10, 10, 10, 10, 10, 10, 10, 10, 10, 10, 10, 10, 10, 10, 10, 10, 10, 10, 40, 10, 10, 89, 10, 10
11, 11, 11, 11, 11, 11, 11, 11, 11, 11, 11, 11, 11, 11, 11, 11, 11, 11, 11, 11, 11, 11, 11, 11, 11, 11, 11, 11, 11, 11, 11, 11, 11, 11, 11, 11, 11, 11, 11, 11, 11, 11, 11, 11, 11, 11, 11, 11, 11, 11, 11, 11, 11, 11, 11, 11, 11, 11, 11, 11, 11, 11, 11, 11, 11, 11, 11, 11, 11, 11, 11, 11, 11, 11, 11, 11, 11, 11, 11, 11, 11, 11, 11, 11, 11, 11, 11, 11, 11, 11, 11, 11, 11, 11, 11, 11, 11, 11, 11, 11, 11, 11, 11, 11, 11, 11, 11, 11, 11, 11, 11, 11, 11, 11, 11, 11, 11, 11, 11, 11
12, 12, 12, 117, 58, 117, 12, 12, 12, 12, 12, 12, 58, 12, 12, 58, 12, 12, 12, 12, 12, 12, 12, 12, 12, 12, 12, 12, 58, 58, 12, 12, 12, 12, 12, 12, 58, 12, 12, 12, 12, 12, 12, 12, 12, 12, 12, 12, 58, 12, 12, 12, 12, 12, 12, 12, 12, 58, 12, 12, 12, 12, 12, 12, 12, 58, 12, 12, 12, 12, 58, 12, 12, 12, 12, 58, 12, 58, 12, 12, 12, 12, 58, 12, 12, 58, 12, 117, 12, 12, 12, 58, 12, 12, 12, 12, 12, 12, 12, 12, 58, 12, 12, 12, 12, 12, 12, 12, 12, 12, 12, 12, 12, 12, 58, 12, 12, 117, 12, 12
13, 13, 13, 13, 13, 13, 13, 13, 13, 13, 13, 13, 13, 13, 13, 13, 13, 13, 13, 13, 13, 13, 13, 13, 13, 13, 13, 13, 13, 13, 13, 13, 13, 13, 13, 13, 13, 13, 13, 13, 13, 13, 13, 13, 13, 13, 13, 13, 13, 13, 13, 13, 13, 13, 13, 13, 13, 13, 13, 13, 13, 13, 13, 13, 13, 13, 13, 13, 13, 13, 13, 13, 13, 13, 13, 13, 13, 13, 13, 13, 13, 13, 13, 13, 13, 13, 13, 13, 13, 13, 13, 13, 13, 13, 13, 13, 13, 13, 13, 13, 13, 13, 13, 13, 13, 13, 13, 13, 13, 13, 13, 13, 13, 13, 13, 13, 13, 13, 13, 13
14, 14, 14, 14, 14, 14, 14, 14, 14, 14, 14, 14, 14, 14, 14, 14, 14, 14, 14, 14, 14, 14, 14, 14, 14, 14, 14, 14, 14, 14, 14, 14, 14, 14, 14, 14, 14, 14, 14, 14, 14, 14, 14, 14, 14, 14, 14, 14, 14, 14, 14, 14, 14, 14, 14, 14, 14, 14, 14, 14, 14, 14, 14, 14, 14, 14, 14, 14, 14, 14, 14, 14, 14, 14, 14, 14, 14, 14, 14, 14, 14, 14, 14, 14, 14, 14, 14, 14, 14, 14, 14, 14, 14, 14, 14, 14, 14, 14, 14, 14, 14, 14, 14, 14, 14, 14, 14, 14, 14, 14, 14, 14, 14, 14, 14, 14, 14, 14, 14, 14
15, 15, 15, 15, 15, 15, 15, 15, 15, 15, 15, 15, 15, 15, 15, 15, 15, 15, 15, 15, 15, 15, 15, 15, 15, 15, 15, 15, 15, 15, 15, 15, 15, 15, 15, 15, 15, 15, 15, 15, 15, 15, 15, 15, 15, 15, 15, 15, 15, 15, 15, 15, 15, 15, 15, 15, 15, 15, 15, 15, 15, 15, 15, 15, 15, 15, 15, 15, 15, 15, 15, 15, 15, 15, 15, 15, 15, 15, 15, 15, 15, 15, 15, 15, 15, 15, 15, 15, 15, 15, 15, 15, 15, 15, 15, 15, 15, 15, 15, 15, 15, 15, 15, 15, 15, 15, 15, 15, 15, 15, 15, 15, 15, 15, 15, 15, 15, 15, 15, 15
16, 16, 16, 16, 16, 16, 16, 16, 16, 16, 16, 16, 16, 16, 16, 16, 16, 16, 16, 16, 16, 16, 16, 16, 16, 16, 16, 16, 16, 16, 16, 16, 16, 16, 16, 16, 16, 16, 16, 16, 16, 16, 16, 16, 16, 16, 16, 16, 16, 16, 16, 16, 16, 16, 16, 16, 16, 16, 16, 16, 16, 16, 16, 16, 16, 16, 16, 16, 16, 16, 16, 16, 16, 16, 16, 16, 16, 16, 16, 16, 16, 16, 16, 16, 16, 16, 16, 16, 16, 16, 16, 16, 16, 16, 16, 16, 16, 16, 16, 16, 16, 16, 16, 16, 16, 16, 16, 16, 16, 16, 16, 16, 16, 16, 16, 16, 16, 16, 16, 16
17, 17, 17, 17, 17, 17, 17, 17, 17, 17, 17, 17, 17, 17, 17, 17, 17, 17, 17, 17, 17, 17, 17, 17, 17, 17, 17, 17, 17, 17, 17, 17, 17, 17, 17, 17, 17, 17, 17, 17, 17, 17, 17, 17, 17, 17, 17, 17, 17, 17, 17, 17, 17, 17, 17, 17, 17, 17, 17, 17, 17, 17, 17, 17, 17, 17, 17, 17, 17, 17, 17, 17, 17, 17, 17, 17, 17, 17, 17, 17, 17, 17, 17, 17, 17, 17, 17, 17, 17, 17, 17, 17, 17, 17, 17, 17, 17, 17, 17, 17, 17, 17, 17, 17, 17, 17, 17, 17, 17, 17, 17, 17, 17, 17, 17, 17, 17, 17, 17, 17
70, 124, 70, 3, 57, 3, 18, 70, 18, 28, 28, 70, 28, 70, 3, 28, 70, 124, 124, 18, 18, 18, 70, 18, 70, 28, 28, 18, 21, 28, 70, 3, 3, 124, 18, 18, 57, 124, 70, 18, 124, 124, 124, 28, 124, 124, 70, 28, 57, 70, 18, 18, 18, 3, 70, 28, 70, 28, 18, 18, 28, 70, 28, 70, 70, 57, 124, 124, 3, 28, 28, 70, 70, 70, 18, 28, 70, 28, 18, 70, 28, 18, 28, 18, 28, 28, 18, 3, 18, 70, 70, 57, 70, 18, 124, 18, 18, 18, 18, 124, 28, 124, 124, 70, 18, 70, 28, 28, 3, 3, 18, 70, 124, 18, 57, 18, 3, 3, 70, 124
19, 19, 19, 19, 19, 19, 19, 19, 19, 19, 19, 19, 19, 19, 19, 19, 19, 19, 19, 19, 19, 19, 19, 19, 19, 19, 19, 19, 19, 19, 19, 19, 19, 19, 19, 19, 19, 19, 19, 19, 19, 19, 19, 19, 19, 19, 19, 19, 19, 19, 19, 19, 19, 19, 19, 19, 19, 19, 19, 19, 19, 19, 19, 19, 19, 19, 19, 19, 19, 19, 19, 19, 19, 19, 19, 19, 19, 19, 19, 19, 19, 19, 19, 19, 19, 19, 19, 19, 19, 19, 19, 19, 19, 19, 19, 19, 19, 19, 19, 19, 19, 19, 19, 19, 19, 19, 19, 19, 19, 19, 19, 19, 19, 19, 19, 19, 19, 19, 19, 19
121, 59, 38, 2, 107, 2, 20, 121, 20, 99, 76, 38, 76, 38, 2, 76, 121, 99, 99, 20, 41, 38, 38, 20, 121, 76, 76, 20, 32, 76, 121, 2, 121, 59, 20, 20, 107, 99, 38, 20, 99, 99, 99, 99, 99, 59, 38, 76, 107, 38, 41, 20, 20, 121, 38, 76, 121, 76, 20, 20, 76, 38, 76, 121, 121, 107, 99, 99, 2, 76, 76, 121, 38, 38, 20, 107, 38, 76, 20, 38, 76, 20, 76, 20, 99, 76, 20, 2, 20, 121, 38, 107, 121, 20, 99, 20, 20, 20, 41, 99, 76, 99, 99, 121, 20, 121, 76, 76, 121, 2, 20, 121, 99, 20, 107, 41, 2, 2, 38, 59
57, 21, 21, 28, 20, 28, 21, 57, 21, 2, 121, 57, 121, 21, 28, 121, 57, 2, 2, 21, 21, 21, 57, 21, 57, 2, 121, 21, 59, 121, 57, 28, 57, 2, 21, 21, 38, 2, 21, 21, 2, 2, 2, 2, 2, 2, 57, 121, 38, 57, 21, 21, 21, 57, 57, 121, 57, 121, 21, 21, 2, 21, 2, 57, 57, 20, 2, 2, 28, 2, 121, 57, 21, 57, 21, 121, 57, 121, 21, 57, 121, 21, 121, 21, 2, 121, 21, 28, 21, 57, 57, 38, 57, 21, 2, 21, 21, 21, 21, 2, 121, 2, 2, 57, 21, 57, 121, 2, 57, 28, 21, 57, 2, 21, 38, 21, 28, 28, 57, 21
22, 22, 22, 22, 22, 22, 22, 22, 22, 22, 22, 22, 22, 22, 22, 22, 22, 22, 22, 22, 22, 22, 22, 22, 22, 22, 22, 22, 22, 22, 22, 22, 22, 22, 22, 22, 22, 22, 22, 22, 22, 22, 22, 22, 22, 22, 22, 22, 22, 22, 22, 22, 22, 22, 22, 22, 22, 22, 22, 22, 22, 22, 22, 22, 22, 22, 22, 22, 22, 22, 22, 22, 22, 22, 22, 22, 22, 22, 22, 22, 22, 22, 22, 22, 22, 22, 22, 22, 22, 22, 22, 22, 22, 22, 22, 22, 22, 22, 22, 22, 22, 22, 22, 22, 22, 22, 22, 22, 22, 22, 22, 22, 22, 22, 22, 22, 22, 22, 22, 22
23, 23, 23, 54, 75, 23, 23, 23, 23, 23, 23, 23, 75, 23, 23, 23, 23, 23, 23, 23, 23, 23, 23, 23, 23, 23, 23, 23, 75, 23, 23, 23, 23, 23, 23, 23, 75, 23, 23, 23, 23, 23, 23, 23, 23, 23, 23, 23, 75, 23, 23, 23, 23, 23, 23, 23, 23, 23, 23, 23, 23, 23, 23, 23, 23, 75, 23, 23, 23, 23, 23, 23, 23, 23, 23, 75, 23, 23, 23, 23, 23, 23, 23, 23, 23, 75, 23, 54, 23, 23, 23, 75, 23, 23, 23, 23, 23, 23, 23, 23, 23, 23, 23, 23, 23, 23, 23, 23, 23, 23, 23, 23, 23, 23, 75, 23, 23, 23, 23, 23
122, 24, 24, 122, 43, 122, 24, 24, 24, 9, 35, 24, 35, 24, 122, 35, 24, 9, 9, 24, 24, 24, 24, 24, 24, 9, 35, 24, 43, 35, 24, 122, 122, 9, 24, 24, 35, 9, 24, 24, 9, 9, 9, 9, 9, 9, 24, 35, 35, 24, 24, 24, 24, 122, 24, 35, 122, 35, 24, 24, 9, 24, 9, 122, 122, 43, 9, 9, 122, 9, 35, 122, 24, 24, 24, 35, 24, 35, 24, 24, 35, 24, 35, 24, 9, 35, 24, 122, 24, 24, 24, 43, 24, 24, 9, 24, 24, 24, 24, 9, 35, 9, 9, 122, 24, 122, 35, 9, 122, 122, 24, 24, 9, 24, 43, 24, 122, 122, 24, 9
50, 25, 25, 50, 47, 50, 25, 25, 25, 47, 47, 25, 47, 25, 50, 47, 25, 25, 25, 25, 25, 25, 25, 25, 25, 47, 47, 25, 1, 47, 25, 50, 50, 25, 25, 25, 47, 25, 25, 25, 25, 25, 25, 47, 47, 25, 25, 47, 47, 25, 25, 25, 25, 50, 25, 47, 25, 47, 25, 25, 47, 25, 47, 25, 50, 1, 25, 25, 50, 47, 47, 50, 25, 25, 25, 47, 25, 47, 25, 25, 47, 25, 47, 25, 47, 47, 25, 50, 25, 25, 25, 47, 25, 25, 47, 25, 25, 25, 25, 47, 47, 25, 25, 50, 25, 25, 47, 47, 50, 50, 25, 25, 25, 25, 47, 25, 50, 50, 25, 25
26, 26, 26, 26, 26, 26, 26, 26, 26, 26, 26, 26, 26, 26, 26, 26, 26, 26, 26, 26, 26, 26, 26, 26, 26, 26, 26, 26, 26, 26, 26, 26, 26, 26, 26, 26, 26, 26, 26, 26, 26, 26, 26, 26, 26, 26, 26, 26, 26, 26, 26, 26, 26, 26, 26, 26, 26, 26, 26, 26, 26, 26, 26, 26, 26, 26, 26, 26, 26, 26, 26, 26, 26, 26, 26, 26, 26, 26, 26, 26, 26, 26, 26, 26, 26, 26, 26, 26, 26, 26, 26, 26, 26, 26, 26, 26, 26, 26, 26, 26, 26, 26, 26, 26, 26, 26, 26, 26, 26, 26, 26, 26, 26, 26, 26, 26, 26, 26, 26, 26
32, 27, 27, 107, 71, 107, 27, 32, 27, 94, 94, 27, 82, 27, 107, 82, 32, 94, 94, 27, 27, 27, 27, 27, 32, 94, 94, 27, 71, 82, 32, 107, 32, 94, 27, 27, 82, 94, 27, 27, 94, 94, 94, 94, 94, 94, 32, 94, 82, 27, 27, 27, 27, 32, 32, 94, 32, 82, 27, 27, 94, 27, 94, 32, 32, 71, 94, 94, 32, 94, 82, 32, 27, 27, 27, 82, 32, 82, 27, 32, 94, 27, 82, 27, 94, 82, 27, 107, 27, 32, 32, 82, 32, 27, 94, 27, 27, 27, 27, 94, 82, 94, 94, 32, 27, 32, 94, 94, 32, 107, 27, 32, 94, 27, 82, 27, 107, 107, 32, 27
124, 28, 28, 70, 2, 70, 28, 124, 28, 57, 57, 124, 21, 28, 18, 21, 124, 57, 57, 28, 28, 28, 28, 28, 124, 57, 21, 28, 2, 21, 124, 18, 18, 28, 28, 28, 21, 57, 28, 28, 57, 57, 57, 57, 57, 28, 124, 57, 21, 124, 28, 28, 28, 18, 124, 57, 124, 21, 28, 28, 57, 28, 57, 124, 124, 2, 57, 57, 18, 57, 21, 124, 28, 28, 28, 21, 124, 21, 28, 124, 57, 28, 21, 28, 57, 21, 28, 70, 28, 124, 124, 2, 124, 28, 57, 28, 28, 28, 28, 57, 21, 57, 57, 124, 28, 124, 57, 57, 124, 18, 28, 124, 57, 28, 2, 28, 70, 70, 124, 28
39, 29, 29, 39, 48, 39, 29, 29, 29, 48, 48, 29, 48, 29, 39, 48, 29, 29, 29, 29, 29, 29, 29, 29, 29, 48, 48, 29, 98, 48, 29, 39, 39, 29, 29, 29, 48, 29, 29, 29, 29, 48, 29, 48, 48, 29, 29, 48, 48, 29, 29, 29, 29, 39, 29, 48, 39, 48, 29, 29, 48, 29, 48, 39, 39, 98, 29, 29, 39, 48, 48, 39, 29, 29, 29, 48, 29, 48, 29, 29, 48, 29, 48, 29, 48, 48, 29, 39, 29, 29, 29, 48, 29, 29, 48, 29, 29, 29, 29, 48, 48, 29, 29, 39, 29, 39, 48, 48, 39, 39, 29, 29, 29, 29, 48, 29, 39, 39, 29, 29
37, 30, 30, 112, 61, 37, 30, 37, 30, 61, 61, 30, 61, 30, 37, 61, 37, 30, 30, 30, 30, 30, 30, 30, 37, 61, 61, 30, 119, 61, 37, 37, 37, 30, 30, 30, 61, 30, 30, 30, 30, 61, 30, 61, 61, 30, 30, 61, 61, 30, 30, 30, 30, 37, 30, 61, 37, 61, 30, 30, 61, 30, 61, 37, 37, 119, 30, 30, 37, 61, 61, 37, 30, 30, 30, 61, 30, 61, 30, 30, 61, 30, 61, 30, 61, 61, 30, 112, 30, 37, 30, 61, 37, 30, 61, 30, 30, 30, 30, 61, 61, 30, 30, 37, 30, 37, 61, 61, 37, 37, 30, 37, 30, 30, 61, 30, 37, 37, 30, 30
31, 31, 31, 31, 31, 31, 31, 31, 31, 31, 31, 31, 31, 31, 31, 31, 31, 31, 31, 31, 31, 31, 31, 31, 31, 31, 31, 31, 31, 31, 31, 31, 31, 31, 31, 31, 31, 31, 31, 31, 31, 31, 31, 31, 31, 31, 31, 31, 31, 31, 31, 31, 31, 31, 31, 31, 31, 31, 31, 31, 31, 31, 31, 31, 31, 31, 31, 31, 31, 31, 31, 31, 31, 31, 31, 31, 31, 31, 31, 31, 31, 31, 31, 31, 31, 31, 31, 31, 31, 31, 31, 31, 31, 31, 31, 31, 31, 31, 31, 31, 31, 31, 31, 31, 31, 31, 31, 31, 31, 31, 31, 31, 31, 31, 31, 31, 31, 31, 31, 31
107, 32, 32, 99, 82, 76, 32, 107, 32, 27, 27, 107, 94, 32, 76, 94, 107, 27, 27, 32, 32, 32, 32, 32, 107, 27, 27, 32, 82, 94, 107, 76, 107, 32, 32, 32, 94, 27, 32, 32, 27, 27, 27, 27, 27, 32, 107, 27, 94, 107, 32, 32, 32, 107, 107, 27, 107, 94, 32, 32, 27, 32, 27, 107, 107, 82, 27, 27, 76, 27, 94, 107, 32, 32, 32, 94, 107, 94, 32, 107, 27, 32, 94, 32, 27, 94, 32, 76, 32, 107, 107, 82, 107, 32, 27, 32, 32, 32, 32, 27, 94, 27, 27, 107, 32, 107, 27, 27, 107, 76, 32, 107, 27, 32, 94, 32, 76, 76, 107, 32
33, 33, 33, 33, 33, 33, 33, 33, 33, 33, 33, 33, 33, 33, 33, 33, 33, 33, 33, 33, 33, 33, 33, 33, 33, 33, 33, 33, 33, 33, 33, 33, 33, 33, 33, 33, 33, 33, 33, 33, 33, 33, 33, 33, 33, 33, 33, 33, 33, 33, 33, 33, 33, 33, 33, 33, 33, 33, 33, 33, 33, 33, 33, 33, 33, 33, 33, 33, 33, 33, 33, 33, 33, 33, 33, 33, 33, 33, 33, 33, 33, 33, 33, 33, 33, 33, 33, 33, 33, 33, 33, 33, 33, 33, 33, 33, 33, 33, 33, 33, 33, 33, 33, 33, 33, 33, 33, 33, 33, 33, 33, 33, 33, 33, 33, 33, 33, 33, 33, 33
34, 34, 34, 109, 89, 109, 34, 34, 34, 34, 34, 34, 34, 34, 34, 34, 34, 34, 34, 34, 34, 34, 34, 34, 34, 34, 34, 34, 89, 34, 34, 34, 34, 34, 34, 34, 89, 34, 34, 34, 34, 34, 34, 34, 34, 34, 34, 34, 89, 34, 34, 34, 34, 34, 34, 34, 34, 34, 34, 34, 34, 34, 34, 34, 34, 89, 34, 34, 34, 34, 34, 34, 34, 34, 34, 89, 34, 34, 34, 34, 34, 34, 34, 34, 34, 89, 34, 109, 34, 34, 34, 89, 34, 34, 34, 34, 34, 34, 34, 34, 34, 34, 34, 34, 34, 34, 34, 34, 34, 34, 34, 34, 34, 34, 89, 34, 109, 109, 34, 34
9, 35, 35, 24, 74, 24, 35, 9, 35, 43, 43, 35, 74, 35, 24, 74, 9, 43, 43, 35, 35, 35, 35, 35, 9, 43, 43, 35, 78, 74, 9, 24, 9, 35, 35, 35, 74, 43, 35, 35, 43, 43, 43, 43, 43, 35, 9, 43, 74, 35, 35, 35, 35, 9, 9, 43, 9, 74, 35, 35, 43, 35, 43, 9, 9, 74, 43, 43, 24, 43, 74, 9, 35, 35, 35, 74, 9, 74, 35, 9, 43, 35, 74, 35, 43, 74, 35, 24, 35, 9, 9, 74, 9, 35, 43, 35, 35, 35, 35, 43, 74, 43, 43, 9, 35, 9, 43, 43, 9, 24, 35, 9, 43, 35, 74, 35, 24, 24, 9, 35
36, 36, 36, 36, 91, 36, 36, 36, 36, 91, 91, 36, 91, 36, 36, 91, 36, 36, 36, 36, 36, 36, 36, 36, 36, 91, 91, 36, 91, 91, 36, 36, 36, 36, 36, 36, 91, 36, 36, 36, 36, 36, 36, 91, 36, 36, 36, 91, 91, 36, 36, 36, 36, 36, 36, 91, 36, 91, 36, 36, 91, 36, 91, 36, 36, 91, 36, 36, 36, 91, 91, 36, 36, 36, 36, 91, 36, 91, 36, 36, 91, 36, 91, 36, 36, 91, 36, 36, 36, 36, 36, 91, 36, 36, 36, 36, 36, 36, 36, 36, 91, 36, 36, 36, 36, 36, 91, 91, 36, 36, 36, 36, 36, 36, 91, 36, 36, 36, 36, 36
112, 37, 37, 112, 61, 112, 37, 112, 37, 30, 30, 37, 30, 37, 112, 30, 112, 37, 30, 37, 37, 37, 37, 37, 112, 30, 30, 37, 61, 30, 112, 112, 112, 37, 37, 37, 30, 30, 37, 37, 30, 30, 30, 30, 30, 37, 37, 30, 30, 37, 37, 37, 37, 112, 37, 30, 112, 30, 37, 37, 30, 37, 30, 112, 112, 61, 37, 30, 112, 30, 30, 112, 37, 37, 37, 30, 37, 30, 37, 37, 30, 37, 30, 37, 30, 30, 37, 112, 37, 112, 37, 61, 112, 37, 30, 37, 37, 37, 37, 30, 30, 30, 30, 112, 37, 112, 30, 30, 112, 112, 37, 112, 30, 37, 61, 37, 112, 112, 37, 37
121, 20, 38, 21, 107, 21, 38, 121, 38, 99, 99, 121, 76, 121, 2, 76, 121, 41, 59, 38, 20, 38, 121, 38, 121, 99, 99, 38, 107, 76, 121, 2, 2, 41, 38, 38, 76, 59, 38, 38, 59, 59, 59, 99, 59, 41, 121, 99, 76, 121, 38, 38, 38, 2, 121, 99, 121, 76, 38, 38, 99, 121, 99, 121, 121, 107, 59, 59, 2, 99, 76, 121, 121, 121, 38, 76, 121, 76, 38, 121, 99, 38, 76, 38, 99, 76, 38, 21, 38, 121, 121, 107, 121, 38, 99, 38, 38, 38, 20, 99, 76, 59, 59, 121, 38, 121, 99, 99, 2, 2, 38, 121, 59, 38, 107, 38, 2, 21, 121, 20
80, 39, 39, 80, 29, 80, 39, 39, 39, 29, 29, 39, 29, 39, 80, 29, 80, 39, 39, 39, 39, 39, 39, 39, 39, 29, 29, 39, 48, 29, 39, 80, 80, 39, 39, 39, 29, 39, 39, 39, 39, 29, 39, 29, 29, 39, 39, 29, 29, 39, 39, 39, 39, 80, 39, 29, 80, 29, 39, 39, 29, 39, 29, 80, 80, 48, 39, 39, 80, 29, 29, 80, 39, 39, 39, 29, 39, 29, 39, 39, 29, 39, 29, 39, 29, 29, 39, 80, 39, 39, 39, 29, 80, 39, 29, 39, 39, 39, 39, 29, 29, 39, 39, 80, 39, 80, 29, 29, 80, 80, 39, 39, 39, 39, 29, 39, 80, 80, 39, 39
40, 40, 40, 10, 63, 10, 40, 40, 40, 40, 40, 40, 63, 40, 40, 40, 40, 40, 40, 40, 40, 40, 40, 40, 40, 40, 40, 40, 63, 63, 40, 40, 40, 40, 40, 40, 63, 40, 40, 40, 40, 40, 40, 40, 40, 40, 40, 40, 63, 40, 40, 40, 40, 40, 40, 40, 40, 63, 40, 40, 40, 40, 40, 40, 40, 63, 40, 40, 40, 40, 40, 40, 40, 40, 40, 63, 40, 40, 40, 40, 40, 40, 63, 40, 40, 63, 40, 10, 40, 40, 40, 63, 40, 40, 40, 40, 40, 40, 40, 40, 40, 40, 40, 40, 40, 40, 40, 40, 40, 40, 40, 40, 40, 40, 63, 40, 10, 10, 40, 40
121, 59, 20, 2, 107, 2, 41, 38, 41, 76, 76, 38, 107, 20, 2, 76, 38, 99, 99, 41, 59, 20, 38, 41, 38, 76, 76, 41, 32, 76, 38, 2, 121, 99, 41, 41, 107, 99, 20, 41, 99, 99, 99, 76, 76, 99, 38, 76, 107, 38, 59, 41, 41, 121, 38, 76, 121, 76, 41, 41, 76, 20, 76, 121, 121, 32, 99, 99, 121, 76, 76, 121, 20, 38, 41, 107, 38, 76, 41, 38, 76, 41, 76, 41, 76, 107, 41, 2, 41, 38, 38, 107, 38, 41, 76, 41, 41, 41, 59, 76, 76, 99, 99, 121, 41, 121, 76, 76, 121, 2, 41, 38, 99, 41, 107, 41, 2, 2, 38, 99
42, 42, 42, 42, 42, 42, 42, 42, 42, 42, 42, 42, 42, 42, 42, 42, 42, 42, 42, 42, 42, 42, 42, 42, 42, 42, 42, 42, 42, 42, 42, 42, 42, 42, 42, 42, 42, 42, 42, 42, 42, 42, 42, 42, 42, 42, 42, 42, 42, 42, 42, 42, 42, 42, 42, 42, 42, 42, 42, 42, 42, 42, 42, 42, 42, 42, 42, 42, 42, 42, 42, 42, 42, 42, 42, 42, 42, 42, 42, 42, 42, 42, 42, 42, 42, 42, 42, 42, 42, 42, 42, 42, 42, 42, 42, 42, 42, 42, 42, 42, 42, 42, 42, 42, 42, 42, 42, 42, 42, 42, 42, 42, 42, 42, 42, 42, 42, 42, 42, 42
35, 43, 43, 9, 78, 9, 43, 35, 43, 74, 74, 43, 74, 43, 9, 74, 35, 74, 74, 43, 43, 43, 43, 43, 35, 74, 74, 43, 78, 74, 35, 9, 35, 43, 43, 43, 78, 74, 43, 43, 74, 74, 74, 74, 74, 43, 35, 74, 78, 43, 43, 43, 43, 35, 35, 74, 35, 74, 43, 43, 74, 43, 74, 35, 35, 78, 74, 74, 35, 74, 74, 35, 43, 43, 43, 78, 35, 74, 43, 35, 74, 43, 74, 43, 74, 78, 43, 9, 43, 35, 35, 78, 35, 43, 74, 43, 43, 43, 43, 74, 74, 74, 74, 35, 43, 35, 74, 74, 35, 9, 43, 35, 74, 43, 78, 43, 9, 9, 35, 43
44, 44, 44, 44, 44, 44, 44, 44, 44, 44, 44, 44, 44, 44, 44, 44, 44, 44, 44, 44, 44, 44, 44, 44, 44, 44, 44, 44, 44, 44, 44, 44, 44, 44, 44, 44, 44, 44, 44, 44, 44, 44, 44, 44, 44, 44, 44, 44, 44, 44, 44, 44, 44, 44, 44, 44, 44, 44, 44, 44, 44, 44, 44, 44, 44, 44, 44, 44, 44, 44, 44, 44, 44, 44, 44, 44, 44, 44, 44, 44, 44, 44, 44, 44, 44, 44, 44, 44, 44, 44, 44, 44, 44, 44, 44, 44, 44, 44, 44, 44, 44, 44, 44, 44, 44, 44, 44, 44, 44, 44, 44, 44, 44, 44, 44, 44, 44, 44, 44, 44
45, 45, 45, 45, 45, 45, 45, 45, 45, 45, 45, 45, 45, 45, 45, 45, 45, 45, 45, 45, 45, 45, 45, 45, 45, 45, 45, 45, 45, 45, 45, 45, 45, 45, 45, 45, 45, 45, 45, 45, 45, 45, 45, 45, 45, 45, 45, 45, 45, 45, 45, 45, 45, 45, 45, 45, 45, 45, 45, 45, 45, 45, 45, 45, 45, 45, 45, 45, 45, 45, 45, 45, 45, 45, 45, 45, 45, 45, 45, 45, 45, 45, 45, 45, 45, 45, 45, 45, 45, 45, 45, 45, 45, 45, 45, 45, 45, 45, 45, 45, 45, 45, 45, 45, 45, 45, 45, 45, 45, 45, 45, 45, 45, 45, 45, 45, 45, 45, 45, 45
46, 46, 46, 55, 88, 55, 46, 46, 46, 46, 88, 46, 88, 46, 55, 88, 46, 46, 46, 46, 46, 46, 46, 46, 46, 88, 88, 46, 88, 88, 46, 55, 46, 46, 46, 46, 88, 46, 46, 46, 46, 46, 46, 46, 46, 46, 46, 88, 88, 46, 46, 46, 46, 46, 46, 88, 46, 88, 46, 46, 46, 46, 46, 46, 46, 88, 46, 46, 55, 46, 88, 46, 46, 46, 46, 88, 46, 88, 46, 46, 88, 46, 88, 46, 46, 88, 46, 55, 46, 46, 46, 88, 46, 46, 46, 46, 46, 46, 46, 46, 88, 46, 46, 46, 46, 46, 88, 88, 46, 55, 46, 46, 46, 46, 88, 46, 55, 55, 46, 46
25, 47, 47, 25, 1, 25, 47, 47, 47, 1, 1, 47, 1, 47, 25, 1, 47, 47, 47, 47, 47, 47, 47, 47, 47, 1, 1, 47, 84, 1, 47, 25, 25, 47, 47, 47, 1, 47, 47, 47, 47, 1, 47, 1, 1, 47, 47, 1, 1, 47, 47, 47, 47, 25, 47, 1, 47, 1, 47, 47, 1, 47, 1, 47, 25, 84, 47, 47, 25, 1, 1, 25, 47, 47, 47, 1, 47, 1, 47, 47, 1, 47, 1, 47, 1, 1, 47, 25, 47, 47, 47, 1, 47, 47, 1, 47, 47, 47, 47, 1, 1, 1, 47, 25, 47, 47, 1, 1, 25, 25, 47, 47, 47, 47, 1, 47, 25, 25, 47, 47
29, 48, 48, 29, 98, 29, 48, 48, 48, 98, 98, 48, 98, 48, 29, 98, 48, 48, 48, 48, 48, 48, 48, 48, 48, 98, 98, 48, 53, 98, 48, 29, 29, 48, 48, 48, 98, 48, 48, 48, 48, 48, 48, 98, 48, 48, 48, 98, 98, 48, 48, 48, 48, 29, 48, 98, 29, 98, 48, 48, 98, 48, 98, 29, 29, 98, 48, 48, 29, 98, 98, 29, 48, 48, 48, 98, 48, 98, 48, 48, 98, 48, 98, 48, 98, 98, 48, 29, 48, 48, 48, 98, 48, 48, 98, 48, 48, 48, 48, 98, 98, 48, 48, 29, 48, 29, 98, 98, 29, 29, 48, 48, 48, 48, 98, 48, 29, 29, 48, 48
49, 49, 49, 88, 103, 88, 49, 49, 49, 103, 103, 49, 103, 49, 88, 103, 49, 49, 49, 49, 49, 49, 49, 49, 49, 103, 103, 49, 122, 103, 49, 88, 88, 49, 49, 49, 103, 49, 49, 49, 49, 49, 49, 103, 49, 49, 49, 103, 103, 49, 49, 49, 49, 88, 49, 103, 49, 103, 49, 49, 103, 49, 103, 49, 49, 103, 49, 49, 88, 103, 103, 49, 49, 49, 49, 103, 49, 103, 49, 49, 103, 49, 103, 49, 49, 103, 49, 88, 49, 49, 49, 103, 49, 49, 49, 49, 49, 49, 49, 49, 103, 49, 49, 49, 49, 49, 103, 103, 88, 88, 49, 49, 49, 49, 103, 49, 88, 88, 49, 49
53, 50, 50, 53, 25, 53, 50, 50, 50, 25, 25, 50, 25, 50, 53, 25, 50, 50, 50, 50, 50, 50, 50, 50, 50, 25, 25, 50, 47, 25, 50, 53, 53, 50, 50, 50, 25, 50, 50, 50, 50, 50, 50, 25, 25, 50, 50, 25, 25, 50, 50, 50, 50, 53, 50, 25, 53, 25, 50, 50, 25, 50, 25, 53, 53, 25, 50, 50, 53, 25, 25, 53, 50, 50, 50, 25, 50, 25, 50, 50, 25, 50, 25, 50, 25, 25, 50, 53, 50, 50, 50, 25, 50, 50, 25, 50, 50, 50, 50, 25, 25, 50, 50, 53, 50, 53, 25, 25, 53, 53, 50, 50, 50, 50, 25, 50, 53, 53, 50, 50
51, 51, 51, 51, 51, 51, 51, 51, 51, 51, 51, 51, 51, 51, 51, 51, 51, 51, 51, 51, 51, 51, 51, 51, 51, 51, 51, 51, 51, 51, 51, 51, 51, 51, 51, 51, 51, 51, 51, 51, 51, 51, 51, 51, 51, 51, 51, 51, 51, 51, 51, 51, 51, 51, 51, 51, 51, 51, 51, 51, 51, 51, 51, 51, 51, 51, 51, 51, 51, 51, 51, 51, 51, 51, 51, 51, 51, 51, 51, 51, 51, 51, 51, 51, 51, 51, 51, 51, 51, 51, 51, 51, 51, 51, 51, 51, 51, 51, 51, 51, 51, 51, 51, 51, 51, 51, 51, 51, 51, 51, 51, 51, 51, 51, 51, 51, 51, 51, 51, 51
52, 52, 52, 52, 52, 52, 52, 52, 52, 52, 52, 52, 52, 52, 52, 52, 52, 52, 52, 52, 52, 52, 52, 52, 52, 52, 52, 52, 52, 52, 52, 52, 52, 52, 52, 52, 52, 52, 52, 52, 52, 52, 52, 52, 52, 52, 52, 52, 52, 52, 52, 52, 52, 52, 52, 52, 52, 52, 52, 52, 52, 52, 52, 52, 52, 52, 52, 52, 52, 52, 52, 52, 52, 52, 52, 52, 52, 52, 52, 52, 52, 52, 52, 52, 52, 52, 52, 52, 52, 52, 52, 52, 52, 52, 52, 52, 52, 52, 52, 52, 52, 52, 52, 52, 52, 52, 52, 52, 52, 52, 52, 52, 52, 52, 52, 52, 52, 52, 52, 52
98, 53, 53, 98, 50, 98, 53, 53, 53, 50, 50, 53, 50, 53, 98, 50, 53, 53, 53, 53, 53, 53, 53, 53, 53, 50, 50, 53, 25, 50, 53, 98, 98, 53, 53, 53, 50, 53, 53, 53, 53, 50, 53, 50, 50, 53, 53, 50, 50, 53, 53, 53, 53, 98, 53, 50, 98, 50, 53, 53, 50, 53, 50, 53, 98, 25, 53, 53, 98, 50, 50, 98, 53, 53, 53, 50, 53, 50, 53, 53, 50, 53, 50, 53, 50, 50, 53, 98, 53, 53, 53, 50, 53, 53, 50, 53, 53, 53, 53, 50, 50, 53, 53, 98, 53, 98, 50, 50, 98, 98, 53, 53, 53, 53, 50, 53, 98, 98, 53, 53
54, 54, 54, 110, 23, 54, 54, 54, 54, 54, 54, 54, 54, 54, 54, 54, 54, 54, 54, 54, 54, 54, 54, 54, 54, 54, 54, 54, 23, 54, 54, 54, 54, 54, 54, 54, 23, 54, 54, 54, 54, 54, 54, 54, 54, 54, 54, 54, 23, 54, 54, 54, 54, 54, 54, 54, 54, 54, 54, 54, 54, 54, 54, 54, 54, 23, 54, 54, 54, 54, 54, 54, 54, 54, 54, 54, 54, 54, 54, 54, 54, 54, 54, 54, 54, 54, 54, 54, 54, 54, 54, 23, 54, 54, 54, 54, 54, 54, 54, 54, 54, 54, 54, 54, 54, 54, 54, 54, 54, 54, 54, 54, 54, 54, 23, 54, 54, 54, 54, 54
55, 55, 55, 113, 46, 113, 55, 55, 55, 55, 55, 55, 46, 55, 113, 46, 55, 55, 55, 55, 55, 55, 55, 55, 55, 55, 46, 55, 46, 46, 55, 113, 55, 55, 55, 55, 46, 55, 55, 55, 55, 55, 55, 55, 55, 55, 55, 55, 46, 55, 55, 55, 55, 55, 55, 55, 55, 46, 55, 55, 55, 55, 55, 55, 55, 46, 55, 55, 55, 55, 46, 55, 55, 55, 55, 46, 55, 46, 55, 55, 55, 55, 46, 55, 55, 46, 55, 113, 55, 55, 55, 46, 55, 55, 55, 55, 55, 55, 55, 55, 46, 55, 55, 55, 55, 55, 55, 55, 55, 113, 55, 55, 55, 55, 46, 55, 113, 113, 55, 55
56, 56, 56, 56, 56, 56, 56, 56, 56, 56, 56, 56, 56, 56, 56, 56, 56, 56, 56, 56, 56, 56, 56, 56, 56, 56, 56, 56, 56, 56, 56, 56, 56, 56, 56, 56, 56, 56, 56, 56, 56, 56, 56, 56, 56, 56, 56, 56, 56, 56, 56, 56, 56, 56, 56, 56, 56, 56, 56, 56, 56, 56, 56, 56, 56, 56, 56, 56, 56, 56, 56, 56, 56, 56, 56, 56, 56, 56, 56, 56, 56, 56, 56, 56, 56, 56, 56, 56, 56, 56, 56, 56, 56, 56, 56, 56, 56, 56, 56, 56, 56, 56, 56, 56, 56, 56, 56, 56, 56, 56, 56, 56, 56, 56, 56, 56, 56, 56, 56, 56
28, 57, 57, 124, 121, 124, 57, 28, 57, 21, 2, 57, 2, 57, 124, 2, 28, 21, 21, 57, 57, 57, 57, 57, 28, 2, 2, 57, 38, 2, 28, 124, 28, 21, 57, 57, 2, 21, 57, 57, 21, 21, 21, 21, 21, 21, 28, 2, 2, 57, 57, 57, 57, 28, 28, 2, 28, 2, 57, 57, 21, 57, 21, 28, 28, 121, 21, 21, 28, 21, 2, 28, 57, 57, 57, 2, 28, 2, 57, 28, 2, 57, 2, 57, 21, 2, 57, 124, 57, 28, 57, 121, 28, 57, 21, 57, 57, 57, 57, 21, 2, 21, 21, 28, 57, 28, 2, 2, 28, 124, 57, 28, 21, 57, 121, 57, 124, 124, 57, 21
58, 58, 58, 12, 114, 12, 58, 58, 58, 58, 114, 58, 114, 58, 12, 114, 58, 58, 58, 58, 58, 58, 58, 58, 58, 114, 114, 58, 114, 114, 58, 12, 58, 58, 58, 58, 114, 58, 58, 58, 58, 58, 58, 58, 58, 58, 58, 114, 114, 58, 58, 58, 58, 58, 58, 114, 58, 114, 58, 58, 114, 58, 114, 58, 58, 114, 58, 58, 58, 114, 114, 58, 58, 58, 58, 114, 58, 114, 58, 58, 114, 58, 114, 58, 58, 114, 58, 12, 58, 58, 58, 114, 58, 58, 58, 58, 58, 58, 58, 58, 114, 58, 58, 58, 58, 58, 114, 114, 58, 12, 58, 58, 58, 58, 114, 58, 12, 12, 58, 58
38, 99, 41, 2, 32, 2, 59, 38, 59, 76, 76, 20, 107, 20, 121, 107, 38, 99, 76, 59, 99, 41, 20, 59, 38, 76, 76, 59, 32, 107, 38, 121, 121, 99, 59, 59, 107, 76, 41, 59, 76, 76, 76, 76, 76, 99, 38, 76, 107, 20, 59, 59, 59, 121, 38, 76, 38, 107, 59, 59, 76, 20, 76, 38, 38, 32, 99, 76, 121, 76, 107, 38, 20, 20, 59, 107, 20, 107, 59, 38, 76, 59, 107, 59, 76, 107, 59, 2, 59, 38, 20, 32, 38, 59, 76, 59, 59, 59, 99, 76, 107, 76, 99, 38, 59, 38, 76, 76, 121, 121, 59, 38, 76, 59, 32, 59, 121, 2, 20, 99
60, 60, 60, 60, 60, 60, 60, 60, 60, 60, 60, 60, 60, 60, 60, 60, 60, 60, 60, 60, 60, 60, 60, 60, 60, 60, 60, 60, 60, 60, 60, 60, 60, 60, 60, 60, 60, 60, 60, 60, 60, 60, 60, 60, 60, 60, 60, 60, 60, 60, 60, 60, 60, 60, 60, 60, 60, 60, 60, 60, 60, 60, 60, 60, 60, 60, 60, 60, 60, 60, 60, 60, 60, 60, 60, 60, 60, 60, 60, 60, 60, 60, 60, 60, 60, 60, 60, 60, 60, 60, 60, 60, 60, 60, 60, 60, 60, 60, 60, 60, 60, 60, 60, 60, 60, 60, 60, 60, 60, 60, 60, 60, 60, 60, 60, 60, 60, 60, 60, 60
30, 61, 61, 30, 119, 30, 61, 61, 61, 119, 119, 61, 119, 61, 30, 119, 61, 61, 61, 61, 61, 61, 61, 61, 61, 119, 119, 61, 8, 119, 61, 30, 30, 61, 61, 61, 119, 61, 61, 61, 61, 61, 61, 119, 119, 61, 61, 119, 119, 61, 61, 61, 61, 30, 61, 119, 30, 119, 61, 61, 119, 61, 119, 30, 30, 119, 61, 61, 30, 119, 119, 30, 61, 61, 61, 119, 61, 119, 61, 61, 119, 61, 119, 61, 119, 119, 61, 30, 61, 61, 61, 119, 61, 61, 119, 61, 61, 61, 61, 119, 119, 61, 61, 30, 61, 30, 119, 119, 30, 30, 61, 61, 61, 61, 119, 61, 30, 30, 61, 61
62, 62, 62, 62, 62, 62, 62, 62, 62, 62, 62, 62, 62, 62, 62, 62, 62, 62, 62, 62, 62, 62, 62, 62, 62, 62, 62, 62, 62, 62, 62, 62, 62, 62, 62, 62, 62, 62, 62, 62, 62, 62, 62, 62, 62, 62, 62, 62, 62, 62, 62, 62, 62, 62, 62, 62, 62, 62, 62, 62, 62, 62, 62, 62, 62, 62, 62, 62, 62, 62, 62, 62, 62, 62, 62, 62, 62, 62, 62, 62, 62, 62, 62, 62, 62, 62, 62, 62, 62, 62, 62, 62, 62, 62, 62, 62, 62, 62, 62, 62, 62, 62, 62, 62, 62, 62, 62, 62, 62, 62, 62, 62, 62, 62, 62, 62, 62, 62, 62, 62
63, 63, 63, 40, 63, 40, 63, 63, 63, 63, 63, 63, 63, 63, 40, 63, 63, 63, 63, 63, 63, 63, 63, 63, 63, 63, 63, 63, 63, 63, 63, 63, 63, 63, 63, 63, 63, 63, 63, 63, 63, 63, 63, 63, 63, 63, 63, 63, 63, 63, 63, 63, 63, 63, 63, 63, 63, 63, 63, 63, 63, 63, 63, 63, 63, 63, 63, 63, 63, 63, 63, 63, 63, 63, 63, 63, 63, 63, 63, 63, 63, 63, 63, 63, 63, 63, 63, 40, 63, 63, 63, 63, 63, 63, 63, 63, 63, 63, 63, 63, 63, 63, 63, 63, 63, 63, 63, 63, 63, 63, 63, 63, 63, 63, 63, 63, 40, 40, 63, 63
64, 64, 64, 64, 64, 64, 64, 64, 64, 64, 64, 64, 64, 64, 64, 64, 64, 64, 64, 64, 64, 64, 64, 64, 64, 64, 64, 64, 64, 64, 64, 64, 64, 64, 64, 64, 64, 64, 64, 64, 64, 64, 64, 64, 64, 64, 64, 64, 64, 64, 64, 64, 64, 64, 64, 64, 64, 64, 64, 64, 64, 64, 64, 64, 64, 64, 64, 64, 64, 64, 64, 64, 64, 64, 64, 64, 64, 64, 64, 64, 64, 64, 64, 64, 64, 64, 64, 64, 64, 64, 64, 64, 64, 64, 64, 64, 64, 64, 64, 64, 64, 64, 64, 64, 64, 64, 64, 64, 64, 64, 64, 64, 64, 64, 64, 64, 64, 64, 64, 64
65, 65, 65, 65, 65, 65, 65, 65, 65, 65, 65, 65, 65, 65, 65, 65, 65, 65, 65, 65, 65, 65, 65, 65, 65, 65, 65, 65, 65, 65, 65, 65, 65, 65, 65, 65, 65, 65, 65, 65, 65, 65, 65, 65, 65, 65, 65, 65, 65, 65, 65, 65, 65, 65, 65, 65, 65, 65, 65, 65, 65, 65, 65, 65, 65, 65, 65, 65, 65, 65, 65, 65, 65, 65, 65, 65, 65, 65, 65, 65, 65, 65, 65, 65, 65, 65, 65, 65, 65, 65, 65, 65, 65, 65, 65, 65, 65, 65, 65, 65, 65, 65, 65, 65, 65, 65, 65, 65, 65, 65, 65, 65, 65, 65, 65, 65, 65, 65, 65, 65
66, 66, 66, 66, 66, 66, 66, 66, 66, 66, 66, 66, 66, 66, 66, 66, 66, 66, 66, 66, 66, 66, 66, 66, 66, 66, 66, 66, 66, 66, 66, 66, 66, 66, 66, 66, 66, 66, 66, 66, 66, 66, 66, 66, 66, 66, 66, 66, 66, 66, 66, 66, 66, 66, 66, 66, 66, 66, 66, 66, 66, 66, 66, 66, 66, 66, 66, 66, 66, 66, 66, 66, 66, 66, 66, 66, 66, 66, 66, 66, 66, 66, 66, 66, 66, 66, 66, 66, 66, 66, 66, 66, 66, 66, 66, 66, 66, 66, 66, 66, 66, 66, 66, 66, 66, 66, 66, 66, 66, 66, 66, 66, 66, 66, 66, 66, 66, 66, 66, 66
67, 67, 67, 75, 118, 75, 67, 67, 67, 67, 67, 67, 118, 67, 75, 118, 67, 67, 67, 67, 67, 67, 67, 67, 67, 67, 67, 67, 118, 118, 67, 67, 67, 67, 67, 67, 118, 67, 67, 67, 67, 67, 67, 67, 67, 67, 67, 67, 118, 67, 67, 67, 67, 67, 67, 67, 67, 118, 67, 67, 67, 67, 67, 67, 67, 118, 67, 67, 67, 67, 118, 67, 67, 67, 67, 118, 67, 118, 67, 67, 67, 67, 118, 67, 67, 118, 67, 75, 67, 67, 67, 118, 67, 67, 67, 67, 67, 67, 67, 67, 118, 67, 67, 67, 67, 67, 67, 67, 67, 67, 67, 67, 67, 67, 118, 67, 75, 75, 67, 67
68, 68, 68, 68, 68, 68, 68, 68, 68, 68, 68, 68, 68, 68, 68, 68, 68, 68, 68, 68, 68, 68, 68, 68, 68, 68, 68, 68, 68, 68, 68, 68, 68, 68, 68, 68, 68, 68, 68, 68, 68, 68, 68, 68, 68, 68, 68, 68, 68, 68, 68, 68, 68, 68, 68, 68, 68, 68, 68, 68, 68, 68, 68, 68, 68, 68, 68, 68, 68, 68, 68, 68, 68, 68, 68, 68, 68, 68, 68, 68, 68, 68, 68, 68, 68, 68, 68, 68, 68, 68, 68, 68, 68, 68, 68, 68, 68, 68, 68, 68, 68, 68, 68, 68, 68, 68, 68, 68, 68, 68, 68, 68, 68, 68, 68, 68, 68, 68, 68, 68
69, 69, 69, 69, 69, 69, 69, 69, 69, 69, 69, 69, 69, 69, 69, 69, 69, 69, 69, 69, 69, 69, 69, 69, 69, 69, 69, 69, 69, 69, 69, 69, 69, 69, 69, 69, 69, 69, 69, 69, 69, 69, 69, 69, 69, 69, 69, 69, 69, 69, 69, 69, 69, 69, 69, 69, 69, 69, 69, 69, 69, 69, 69, 69, 69, 69, 69, 69, 69, 69, 69, 69, 69, 69, 69, 69, 69, 69, 69, 69, 69, 69, 69, 69, 69, 69, 69, 69, 69, 69, 69, 69, 69, 69, 69, 69, 69, 69, 69, 69, 69, 69, 69, 69, 69, 69, 69, 69, 69, 69, 69, 69, 69, 69, 69, 69, 69, 69, 69, 69
3, 18, 70, 84, 57, 3, 70, 3, 70, 124, 124, 70, 28, 70, 3, 28, 3, 18, 18, 70, 70, 70, 70, 70, 3, 124, 124, 70, 57, 28, 3, 3, 3, 18, 70, 70, 28, 124, 70, 70, 18, 124, 124, 124, 124, 18, 70, 124, 28, 70, 70, 70, 70, 3, 70, 124, 3, 28, 70, 70, 124, 70, 124, 3, 3, 57, 18, 124, 3, 124, 28, 3, 70, 70, 70, 28, 70, 28, 70, 70, 124, 70, 28, 70, 124, 28, 70, 84, 70, 3, 70, 28, 3, 70, 124, 70, 70, 70, 70, 124, 28, 124, 18, 3, 70, 3, 124, 124, 3, 3, 70, 3, 124, 70, 28, 70, 3, 84, 70, 18
82, 71, 71, 94, 109, 94, 71, 82, 71, 101, 101, 71, 77, 71, 94, 77, 82, 101, 101, 71, 71, 71, 71, 71, 82, 101, 77, 71, 109, 77, 82, 94, 82, 71, 71, 71, 77, 101, 71, 71, 101, 101, 101, 101, 101, 71, 82, 101, 77, 71, 71, 71, 71, 82, 82, 101, 82, 77, 71, 71, 101, 71, 101, 82, 82, 109, 101, 101, 82, 101, 77, 82, 71, 71, 71, 77, 82, 77, 71, 82, 101, 71, 77, 71, 101, 77, 71, 94, 71, 82, 82, 109, 82, 71, 101, 71, 71, 71, 71, 101, 77, 101, 101, 82, 71, 82, 101, 101, 82, 94, 71, 82, 101, 71, 109, 71, 94, 94, 82, 71
72, 72, 72, 72, 72, 72, 72, 72, 72, 72, 72, 72, 72, 72, 72, 72, 72, 72, 72, 72, 72, 72, 72, 72, 72, 72, 72, 72, 72, 72, 72, 72, 72, 72, 72, 72, 72, 72, 72, 72, 72, 72, 72, 72, 72, 72, 72, 72, 72, 72, 72, 72, 72, 72, 72, 72, 72, 72, 72, 72, 72, 72, 72, 72, 72, 72, 72, 72, 72, 72, 72, 72, 72, 72, 72, 72, 72, 72, 72, 72, 72, 72, 72, 72, 72, 72, 72, 72, 72, 72, 72, 72, 72, 72, 72, 72, 72, 72, 72, 72, 72, 72, 72, 72, 72, 72, 72, 72, 72, 72, 72, 72, 72, 72, 72, 72, 72, 72, 72, 72
73, 73, 73, 73, 73, 73, 73, 73, 73, 73, 73, 73, 73, 73, 73, 73, 73, 73, 73, 73, 73, 73, 73, 73, 73, 73, 73, 73, 73, 73, 73, 73, 73, 73, 73, 73, 73, 73, 73, 73, 73, 73, 73, 73, 73, 73, 73, 73, 73, 73, 73, 73, 73, 73, 73, 73, 73, 73, 73, 73, 73, 73, 73, 73, 73, 73, 73, 73, 73, 73, 73, 73, 73, 73, 73, 73, 73, 73, 73, 73, 73, 73, 73, 73, 73, 73, 73, 73, 73, 73, 73, 73, 73, 73, 73, 73, 73, 73, 73, 73, 73, 73, 73, 73, 73, 73, 73, 73, 73, 73, 73, 73, 73, 73, 73, 73, 73, 73, 73, 73
43, 74, 74, 35, 85, 35, 74, 43, 74, 78, 78, 74, 78, 74, 35, 78, 43, 74, 74, 74, 74, 74, 74, 74, 43, 78, 78, 74, 85, 78, 43, 35, 43, 74, 74, 74, 78, 78, 74, 74, 74, 78, 78, 78, 78, 74, 43, 78, 78, 74, 74, 74, 74, 43, 43, 78, 43, 78, 74, 74, 78, 74, 78, 43, 43, 85, 74, 78, 43, 78, 78, 43, 74, 74, 74, 78, 43, 78, 74, 43, 78, 74, 78, 74, 78, 78, 74, 35, 74, 43, 74, 85, 43, 74, 78, 74, 74, 74, 74, 78, 78, 78, 74, 43, 74, 43, 78, 78, 43, 43, 74, 43, 78, 74, 85, 74, 35, 35, 74, 74
75, 75, 75, 23, 67, 23, 75, 75, 75, 75, 75, 75, 67, 75, 75, 75, 75, 75, 75, 75, 75, 75, 75, 75, 75, 75, 75, 75, 67, 67, 75, 75, 75, 75, 75, 75, 67, 75, 75, 75, 75, 75, 75, 75, 75, 75, 75, 75, 67, 75, 75, 75, 75, 75, 75, 75, 75, 75, 75, 75, 75, 75, 75, 75, 75, 67, 75, 75, 75, 75, 75, 75, 75, 75, 75, 67, 75, 75, 75, 75, 75, 75, 67, 75, 75, 67, 75, 23, 75, 75, 75, 67, 75, 75, 75, 75, 75, 75, 75, 75, 75, 75, 75, 75, 75, 75, 75, 75, 75, 75, 75, 75, 75, 75, 67, 75, 75, 23, 75, 75
59, 76, 76, 121, 27, 38, 76, 99, 76, 107, 32, 99, 32, 99, 38, 32, 99, 107, 107, 76, 76, 76, 99, 76, 99, 107, 32, 76, 27, 32, 99, 20, 41, 107, 76, 76, 32, 107, 76, 76, 107, 107, 107, 107, 107, 107, 99, 107, 32, 99, 76, 76, 76, 41, 99, 32, 59, 32, 76, 76, 107, 99, 107, 59, 59, 27, 107, 107, 20, 107, 32, 59, 99, 99, 76, 32, 99, 32, 76, 99, 32, 76, 32, 76, 107, 32, 76, 38, 76, 99, 99, 27, 99, 76, 107, 76, 76, 76, 76, 107, 32, 107, 107, 59, 76, 59, 32, 107, 59, 20, 76, 99, 107, 76, 27, 76, 38, 38, 99, 76
101, 77, 77, 71, 109, 71, 77, 101, 77, 109, 109, 101, 109, 77, 71, 109, 101, 109, 109, 77, 77, 77, 77, 77, 101, 109, 109, 77, 34, 109, 101, 71, 101, 109, 77, 77, 109, 109, 77, 77, 109, 109, 109, 109, 109, 109, 101, 109, 109, 77, 77, 77, 77, 101, 101, 109, 101, 109, 77, 77, 109, 77, 109, 101, 101, 34, 109, 109, 101, 109, 109, 101, 77, 77, 77, 109, 101, 109, 77, 101, 109, 77, 109, 77, 109, 109, 77, 71, 77, 101, 101, 109, 101, 77, 109, 77, 77, 77, 77, 109, 109, 109, 109, 101, 77, 101, 109, 109, 101, 71, 77, 101, 109, 77, 109, 77, 71, 71, 101, 77
74, 78, 78, 43, 80, 74, 78, 78, 78, 85, 85, 78, 85, 78, 74, 85, 74, 78, 78, 78, 78, 78, 78, 78, 74, 85, 85, 78, 80, 85, 78, 74, 74, 78, 78, 78, 85, 85, 78, 78, 78, 85, 85, 85, 85, 78, 78, 85, 85, 78, 78, 78, 78, 74, 78, 85, 74, 85, 78, 78, 85, 78, 85, 74, 74, 80, 78, 85, 74, 85, 85, 74, 78, 78, 78, 85, 78, 85, 78, 78, 85, 78, 85, 78, 85, 85, 78, 43, 78, 78, 78, 80, 74, 78, 85, 78, 78, 78, 78, 85, 85, 85, 78, 74, 78, 74, 85, 85, 74, 74, 78, 78, 85, 78, 80, 78, 74, 74, 78, 78
79, 79, 79, 7, 110, 79, 79, 79, 79, 79, 79, 79, 79, 79, 79, 79, 79, 79, 79, 79, 79, 79, 79, 79, 79, 79, 79, 79, 110, 79, 79, 79, 79, 79, 79, 79, 79, 79, 79, 79, 79, 79, 79, 79, 79, 79, 79, 79, 79, 79, 79, 79, 79, 79, 79, 79, 79, 79, 79, 79, 79, 79, 79, 79, 79, 110, 79, 79, 79, 79, 79, 79, 79, 79, 79, 79, 79, 79, 79, 79, 79, 79, 79, 79, 79, 79, 79, 7, 79, 79, 79, 110, 79, 79, 79, 79, 79, 79, 79, 79, 79, 79, 79, 79, 79, 79, 79, 79, 79, 79, 79, 79, 79, 79, 110, 79, 79, 7, 79, 79
85, 80, 80, 85, 29, 85, 80, 80, 80, 39, 39, 80, 39, 80, 85, 39, 85, 80, 80, 80, 80, 80, 80, 80, 85, 39, 39, 80, 29, 39, 80, 85, 85, 80, 80, 80, 39, 80, 80, 80, 80, 39, 39, 39, 39, 80, 80, 39, 39, 80, 80, 80, 80, 85, 80, 39, 85, 39, 80, 80, 39, 80, 39, 85, 85, 29, 80, 39, 85, 39, 39, 85, 80, 80, 80, 39, 80, 39, 80, 80, 39, 80, 39, 80, 39, 39, 80, 85, 80, 80, 80, 29, 85, 80, 39, 80, 80, 80, 80, 39, 39, 39, 80, 85, 80, 85, 39, 39, 85, 85, 80, 80, 80, 80, 39, 80, 85, 85, 80, 80
81, 81, 81, 81, 81, 81, 81, 81, 81, 81, 81, 81, 81, 81, 81, 81, 81, 81, 81, 81, 81, 81, 81, 81, 81, 81, 81, 81, 81, 81, 81, 81, 81, 81, 81, 81, 81, 81, 81, 81, 81, 81, 81, 81, 81, 81, 81, 81, 81, 81, 81, 81, 81, 81, 81, 81, 81, 81, 81, 81, 81, 81, 81, 81, 81, 81, 81, 81, 81, 81, 81, 81, 81, 81, 81, 81, 81, 81, 81, 81, 81, 81, 81, 81, 81, 81, 81, 81, 81, 81, 81, 81, 81, 81, 81, 81, 81, 81, 81, 81, 81, 81, 81, 81, 81, 81, 81, 81, 81, 81, 81, 81, 81, 81, 81, 81, 81, 81, 81, 81
94, 82, 82, 27, 77, 27, 82, 94, 82, 71, 71, 82, 101, 82, 27, 101, 94, 71, 71, 82, 82, 82, 82, 82, 94, 71, 101, 82, 77, 101, 94, 27, 94, 82, 82, 82, 101, 71, 82, 82, 71, 71, 71, 71, 71, 82, 94, 71, 101, 82, 82, 82, 82, 94, 94, 71, 94, 101, 82, 82, 71, 82, 71, 94, 94, 77, 71, 71, 94, 71, 101, 94, 82, 82, 82, 101, 82, 101, 82, 94, 71, 82, 101, 82, 71, 101, 82, 27, 82, 94, 82, 77, 94, 82, 71, 82, 82, 82, 82, 71, 101, 71, 71, 94, 82, 94, 71, 71, 94, 94, 82, 94, 71, 82, 77, 82, 27, 27, 82, 82
83, 83, 83, 83, 83, 83, 83, 83, 83, 83, 83, 83, 83, 83, 83, 83, 83, 83, 83, 83, 83, 83, 83, 83, 83, 83, 83, 83, 83, 83, 83, 83, 83, 83, 83, 83, 83, 83, 83, 83, 83, 83, 83, 83, 83, 83, 83, 83, 83, 83, 83, 83, 83, 83, 83, 83, 83, 83, 83, 83, 83, 83, 83, 83, 83, 83, 83, 83, 83, 83, 83, 83, 83, 83, 83, 83, 83, 83, 83, 83, 83, 83, 83, 83, 83, 83, 83, 83, 83, 83, 83, 83, 83, 83, 83, 83, 83, 83, 83, 83, 83, 83, 83, 83, 83, 83, 83, 83, 83, 83, 83, 83, 83, 83, 83, 83, 83, 83, 83, 83
1, 84, 84, 1, 70, 1, 84, 84, 84, 3, 3, 84, 3, 84, 1, 3, 84, 84, 3, 84, 84, 84, 84, 84, 84, 3, 3, 84, 18, 3, 84, 1, 1, 84, 84, 84, 70, 3, 84, 84, 3, 3, 3, 3, 3, 84, 84, 3, 70, 84, 84, 84, 84, 1, 84, 3, 1, 3, 84, 84, 3, 84, 3, 84, 1, 70, 3, 3, 1, 3, 3, 1, 84, 84, 84, 3, 84, 3, 84, 84, 3, 84, 3, 84, 3, 3, 84, 1, 84, 84, 84, 70, 84, 84, 3, 84, 84, 84, 84, 3, 3, 3, 3, 1, 84, 1, 3, 3, 1, 1, 84, 84, 3, 84, 70, 84, 1, 1, 84, 84
78, 85, 85, 78, 39, 78, 85, 85, 85, 80, 80, 85, 80, 85, 78, 80, 78, 85, 85, 85, 85, 85, 85, 85, 78, 80, 80, 85, 39, 80, 85, 78, 78, 85, 85, 85, 80, 80, 85, 85, 85, 80, 80, 80, 80, 85, 85, 80, 80, 85, 85, 85, 85, 78, 85, 80, 78, 80, 85, 85, 80, 85, 80, 78, 78, 39, 85, 80, 78, 80, 80, 78, 85, 85, 85, 80, 85, 80, 85, 85, 80, 85, 80, 85, 80, 80, 85, 78, 85, 85, 85, 39, 78, 85, 80, 85, 85, 85, 85, 80, 80, 80, 85, 78, 85, 78, 80, 80, 78, 78, 85, 85, 80, 85, 39, 85, 78, 78, 85, 85
127, 86, 86, 95, 4, 95, 86, 127, 86, 86, 86, 127, 4, 86, 95, 4, 127, 86, 86, 86, 86, 86, 86, 86, 127, 86, 86, 86, 4, 4, 127, 95, 127, 86, 86, 86, 4, 86, 86, 86, 86, 86, 86, 86, 86, 86, 127, 86, 4, 86, 86, 86, 86, 127, 127, 86, 127, 4, 86, 86, 86, 86, 86, 127, 127, 4, 86, 86, 95, 86, 4, 127, 86, 86, 86, 4, 127, 86, 86, 127, 86, 86, 4, 86, 86, 4, 86, 95, 86, 127, 127, 4, 127, 86, 86, 86, 86, 86, 86, 86, 4, 86, 86, 127, 86, 127, 86, 86, 127, 95, 86, 127, 86, 86, 4, 86, 95, 95, 127, 86
87, 87, 87, 87, 87, 87, 87, 87, 87, 87, 87, 87, 87, 87, 87, 87, 87, 87, 87, 87, 87, 87, 87, 87, 87, 87, 87, 87, 87, 87, 87, 87, 87, 87, 87, 87, 87, 87, 87, 87, 87, 87, 87, 87, 87, 87, 87, 87, 87, 87, 87, 87, 87, 87, 87, 87, 87, 87, 87, 87, 87, 87, 87, 87, 87, 87, 87, 87, 87, 87, 87, 87, 87, 87, 87, 87, 87, 87, 87, 87, 87, 87, 87, 87, 87, 87, 87, 87, 87, 87, 87, 87, 87, 87, 87, 87, 87, 87, 87, 87, 87, 87, 87, 87, 87, 87, 87, 87, 87, 87, 87, 87, 87, 87, 87, 87, 87, 87, 87, 87
88, 88, 88, 46, 49, 46, 88, 88, 88, 49, 49, 88, 49, 88, 46, 49, 88, 88, 88, 88, 88, 88, 88, 88, 88, 49, 49, 88, 49, 49, 88, 46, 46, 88, 88, 88, 49, 88, 88, 88, 88, 88, 88, 49, 88, 88, 88, 49, 49, 88, 88, 88, 88, 46, 88, 49, 88, 49, 88, 88, 49, 88, 49, 88, 88, 49, 88, 88, 46, 49, 49, 88, 88, 88, 88, 49, 88, 49, 88, 88, 49, 88, 49, 88, 88, 49, 88, 46, 88, 88, 88, 49, 88, 88, 88, 88, 88, 88, 88, 88, 49, 88, 88, 88, 88, 88, 49, 49, 88, 46, 88, 88, 88, 88, 49, 88, 46, 46, 88, 88
89, 89, 89, 34, 10, 34, 89, 89, 89, 89, 89, 89, 89, 89, 89, 89, 89, 89, 89, 89, 89, 89, 89, 89, 89, 89, 89, 89, 10, 89, 89, 89, 89, 89, 89, 89, 10, 89, 89, 89, 89, 89, 89, 89, 89, 89, 89, 89, 10, 89, 89, 89, 89, 89, 89, 89, 89, 89, 89, 89, 89, 89, 89, 89, 89, 10, 89, 89, 89, 89, 89, 89, 89, 89, 89, 10, 89, 89, 89, 89, 89, 89, 89, 89, 89, 10, 89, 34, 89, 89, 89, 10, 89, 89, 89, 89, 89, 89, 89, 89, 89, 89, 89, 89, 89, 89, 89, 89, 89, 89, 89, 89, 89, 89, 10, 89, 89, 34, 89, 89
90, 90, 90, 90, 90, 90, 90, 90, 90, 90, 90, 90, 90, 90, 90, 90, 90, 90, 90, 90, 90, 90, 90, 90, 90, 90, 90, 90, 90, 90, 90, 90, 90, 90, 90, 90, 90, 90, 90, 90, 90, 90, 90, 90, 90, 90, 90, 90, 90, 90, 90, 90, 90, 90, 90, 90, 90, 90, 90, 90, 90, 90, 90, 90, 90, 90, 90, 90, 90, 90, 90, 90, 90, 90, 90, 90, 90, 90, 90, 90, 90, 90, 90, 90, 90, 90, 90, 90, 90, 90, 90, 90, 90, 90, 90, 90, 90, 90, 90, 90, 90, 90, 90, 90, 90, 90, 90, 90, 90, 90, 90, 90, 90, 90, 90, 90, 90, 90, 90, 90
91, 91, 91, 36, 6, 36, 91, 91, 91, 91, 6, 91, 6, 91, 36, 6, 91, 91, 91, 91, 91, 91, 91, 91, 91, 6, 6, 91, 6, 6, 91, 36, 36, 91, 91, 91, 6, 91, 91, 91, 91, 91, 91, 91, 91, 91, 91, 6, 6, 91, 91, 91, 91, 36, 91, 6, 91, 6, 91, 91, 91, 91, 6, 91, 91, 6, 91, 91, 36, 6, 6, 91, 91, 91, 91, 6, 91, 6, 91, 91, 6, 91, 6, 91, 91, 6, 91, 36, 91, 91, 91, 6, 91, 91, 91, 91, 91, 91, 91, 91, 6, 91, 91, 91, 91, 91, 6, 6, 36, 36, 91, 91, 91, 91, 6, 91, 36, 36, 91, 91
92, 92, 92, 8, 113, 8, 92, 92, 92, 92, 113, 92, 113, 92, 8, 113, 92, 92, 92, 92, 92, 92, 92, 92, 92, 113, 113, 92, 113, 113, 92, 8, 8, 92, 92, 92, 113, 92, 92, 92, 92, 92, 92, 92, 92, 92, 92, 113, 113, 92, 92, 92, 92, 8, 92, 113, 92, 113, 92, 92, 92, 92, 92, 92, 92, 113, 92, 92, 8, 92, 113, 92, 92, 92, 92, 113, 92, 113, 92, 92, 113, 92, 113, 92, 92, 113, 92, 8, 92, 92, 92, 113, 92, 92, 92, 92, 92, 92, 92, 92, 113, 92, 92, 92, 92, 92, 113, 113, 8, 8, 92, 92, 92, 92, 113, 92, 8, 8, 92, 92
93, 93, 93, 6, 117, 6, 93, 93, 93, 93, 93, 93, 93, 93, 93, 93, 93, 93, 93, 93, 93, 93, 93, 93, 93, 93, 93, 93, 117, 93, 93, 93, 93, 93, 93, 93, 117, 93, 93, 93, 93, 93, 93, 93, 93, 93, 93, 93, 117, 93, 93, 93, 93, 93, 93, 93, 93, 93, 93, 93, 93, 93, 93, 93, 93, 117, 93, 93, 93, 93, 93, 93, 93, 93, 93, 93, 93, 93, 93, 93, 93, 93, 93, 93, 93, 93, 93, 6, 93, 93, 93, 117, 93, 93, 93, 93, 93, 93, 93, 93, 93, 93, 93, 93, 93, 93, 93, 93, 93, 93, 93, 93, 93, 93, 117, 93, 93, 6, 93, 93
27, 94, 94, 32, 71, 32, 94, 27, 94, 82, 82, 27, 71, 94, 32, 82, 27, 82, 82, 94, 94, 94, 94, 94, 27, 82, 82, 94, 101, 71, 27, 32, 27, 94, 94, 94, 71, 82, 94, 94, 82, 82, 82, 82, 82, 94, 27, 82, 71, 27, 94, 94, 94, 27, 27, 82, 27, 71, 94, 94, 82, 94, 82, 27, 27, 101, 82, 82, 32, 82, 82, 27, 94, 94, 94, 71, 27, 82, 94, 27, 82, 94, 71, 94, 82, 71, 94, 32, 94, 27, 27, 71, 27, 94, 82, 94, 94, 94, 94, 82, 82, 82, 82, 27, 94, 27, 82, 82, 27, 32, 94, 27, 82, 94, 71, 94, 32, 32, 27, 94
95, 95, 95, 114, 86, 114, 95, 95, 95, 127, 86, 95, 86, 95, 114, 86, 95, 127, 127, 95, 95, 95, 95, 95, 95, 127, 86, 95, 86, 86, 95, 114, 114, 127, 95, 95, 86, 127, 95, 95, 127, 127, 127, 127, 127, 127, 95, 127, 86, 95, 95, 95, 95, 114, 95, 127, 95, 86, 95, 95, 127, 95, 127, 95, 95, 86, 127, 127, 114, 127, 86, 95, 95, 95, 95, 86, 95, 86, 95, 95, 86, 95, 86, 95, 127, 86, 95, 114, 95, 95, 95, 86, 95, 95, 127, 95, 95, 95, 95, 127, 86, 127, 127, 95, 95, 95, 86, 127, 95, 114, 95, 95, 127, 95, 86, 95, 114, 114, 95, 95
96, 96, 96, 96, 96, 96, 96, 96, 96, 96, 96, 96, 96, 96, 96, 96, 96, 96, 96, 96, 96, 96, 96, 96, 96, 96, 96, 96, 96, 96, 96, 96, 96, 96, 96, 96, 96, 96, 96, 96, 96, 96, 96, 96, 96, 96, 96, 96, 96, 96, 96, 96, 96, 96, 96, 96, 96, 96, 96, 96, 96, 96, 96, 96, 96, 96, 96, 96, 96, 96, 96, 96, 96, 96, 96, 96, 96, 96, 96, 96, 96, 96, 96, 96, 96, 96, 96, 96, 96, 96, 96, 96, 96, 96, 96, 96, 96, 96, 96, 96, 96, 96, 96, 96, 96, 96, 96, 96, 96, 96, 96, 96, 96, 96, 96, 96, 96, 96, 96, 96
97, 97, 97, 97, 97, 97, 97, 97, 97, 97, 97, 97, 97, 97, 97, 97, 97, 97, 97, 97, 97, 97, 97, 97, 97, 97, 97, 97, 97, 97, 97, 97, 97, 97, 97, 97, 97, 97, 97, 97, 97, 97, 97, 97, 97, 97, 97, 97, 97, 97, 97, 97, 97, 97, 97, 97, 97, 97, 97, 97, 97, 97, 97, 97, 97, 97, 97, 97, 97, 97, 97, 97, 97, 97, 97, 97, 97, 97, 97, 97, 97, 97, 97, 97, 97, 97, 97, 97, 97, 97, 97, 97, 97, 97, 97, 97, 97, 97, 97, 97, 97, 97, 97, 97, 97, 97, 97, 97, 97, 97, 97, 97, 97, 97, 97, 97, 97, 97, 97, 97
48, 98, 98, 48, 53, 48, 98, 98, 98, 53, 53, 98, 53, 98, 48, 53, 98, 98, 98, 98, 98, 98, 98, 98, 98, 53, 53, 98, 50, 53, 98, 48, 48, 98, 98, 98, 53, 98, 98, 98, 98, 98, 98, 53, 53, 98, 98, 53, 53, 98, 98, 98, 98, 48, 98, 53, 98, 53, 98, 98, 53, 98, 53, 98, 98, 50, 98, 98, 48, 53, 53, 48, 98, 98, 98, 53, 98, 53, 98, 98, 53, 98, 53, 98, 53, 53, 98, 48, 98, 98, 98, 53, 98, 98, 53, 98, 98, 98, 98, 53, 53, 98, 98, 98, 98, 98, 53, 53, 48, 48, 98, 98, 98, 98, 53, 98, 48, 48, 98, 98
38, 76, 59, 121, 32, 121, 99, 20, 99, 107, 107, 59, 107, 59, 121, 107, 20, 76, 76, 99, 99, 59, 59, 99, 20, 107, 107, 99, 27, 107, 20, 121, 38, 76, 99, 99, 32, 76, 59, 99, 76, 76, 76, 107, 76, 76, 41, 107, 32, 59, 99, 99, 99, 38, 41, 107, 20, 107, 99, 99, 107, 59, 107, 20, 20, 32, 76, 76, 38, 107, 107, 38, 59, 59, 99, 107, 41, 107, 99, 41, 107, 99, 107, 99, 76, 107, 99, 121, 99, 20, 41, 32, 20, 99, 76, 99, 99, 99, 99, 76, 107, 76, 76, 38, 99, 20, 107, 107, 38, 121, 99, 20, 76, 99, 32, 99, 121, 121, 41, 76
100, 100, 100, 100, 100, 100, 100, 100, 100, 100, 100, 100, 100, 100, 100, 100, 100, 100, 100, 100, 100, 100, 100, 100, 100, 100, 100, 100, 100, 100, 100, 100, 100, 100, 100, 100, 100, 100, 100, 100, 100, 100, 100, 100, 100, 100, 100, 100, 100, 100, 100, 100, 100, 100, 100, 100, 100, 100, 100, 100, 100, 100, 100, 100, 100, 100, 100, 100, 100, 100, 100, 100, 100, 100, 100, 100, 100, 100, 100, 100, 100, 100, 100, 100, 100, 100, 100, 100, 100, 100, 100, 100, 100, 100, 100, 100, 100, 100, 100, 100, 100, 100, 100, 100, 100, 100, 100, 100, 100, 100, 100, 100, 100, 100, 100, 100, 100, 100, 100, 100
71, 101, 101, 82, 109, 82, 101, 71, 101, 77, 109, 101, 109, 101, 82, 109, 71, 77, 77, 101, 101, 101, 101, 101, 71, 77, 109, 101, 109, 109, 71, 82, 71, 101, 101, 101, 109, 77, 101, 101, 77, 77, 77, 77, 77, 101, 71, 77, 109, 101, 101, 101, 101, 71, 71, 77, 71, 109, 101, 101, 77, 101, 77, 71, 71, 109, 77, 77, 71, 77, 109, 71, 101, 101, 101, 109, 71, 109, 101, 71, 77, 101, 109, 101, 77, 109, 101, 82, 101, 71, 71, 109, 71, 101, 77, 101, 101, 101, 101, 77, 109, 77, 77, 71, 101, 71, 109, 77, 71, 82, 101, 71, 77, 101, 109, 101, 82, 82, 71, 101
102, 102, 102, 102, 102, 102, 102, 102, 102, 102, 102, 102, 102, 102, 102, 102, 102, 102, 102, 102, 102, 102, 102, 102, 102, 102, 102, 102, 102, 102, 102, 102, 102, 102, 102, 102, 102, 102, 102, 102, 102, 102, 102, 102, 102, 102, 102, 102, 102, 102, 102, 102, 102, 102, 102, 102, 102, 102, 102, 102, 102, 102, 102, 102, 102, 102, 102, 102, 102, 102, 102, 102, 102, 102, 102, 102, 102, 102, 102, 102, 102, 102, 102, 102, 102, 102, 102, 102, 102, 102, 102, 102, 102, 102, 102, 102, 102, 102, 102, 102, 102, 102, 102, 102, 102, 102, 102, 102, 102, 102, 102, 102, 102, 102, 102, 102, 102, 102, 102, 102
103, 103, 103, 49, 24, 49, 103, 103, 103, 122, 122, 103, 122, 103, 49, 122, 103, 103, 103, 103, 103, 103, 103, 103, 103, 122, 122, 103, 24, 122, 103, 49, 49, 103, 103, 103, 122, 103, 103, 103, 103, 122, 103, 122, 122, 103, 103, 122, 122, 103, 103, 103, 103, 49, 103, 122, 103, 122, 103, 103, 122, 103, 122, 103, 103, 24, 103, 103, 49, 122, 122, 103, 103, 103, 103, 122, 103, 122, 103, 103, 122, 103, 122, 103, 122, 122, 103, 49, 103, 103, 103, 24, 103, 103, 122, 103, 103, 103, 103, 122, 122, 122, 103, 103, 103, 103, 122, 122, 49, 49, 103, 103, 103, 103, 122, 103, 49, 49, 103, 103
104, 104, 104, 104, 104, 104, 104, 104, 104, 104, 104, 104, 104, 104, 104, 104, 104, 104, 104, 104, 104, 104, 104, 104, 104, 104, 104, 104, 104, 104, 104, 104, 104, 104, 104, 104, 104, 104, 104, 104, 104, 104, 104, 104, 104, 104, 104, 104, 104, 104, 104, 104, 104, 104, 104, 104, 104, 104, 104, 104, 104, 104, 104, 104, 104, 104, 104, 104, 104, 104, 104, 104, 104, 104, 104, 104, 104, 104, 104, 104, 104, 104, 104, 104, 104, 104, 104, 104, 104, 104, 104, 104, 104, 104, 104, 104, 104, 104, 104, 104, 104, 104, 104, 104, 104, 104, 104, 104, 104, 104, 104, 104, 104, 104, 104, 104, 104, 104, 104, 104
105, 105, 105, 105, 105, 105, 105, 105, 105, 105, 105, 105, 105, 105, 105, 105, 105, 105, 105, 105, 105, 105, 105, 105, 105, 105, 105, 105, 105, 105, 105, 105, 105, 105, 105, 105, 105, 105, 105, 105, 105, 105, 105, 105, 105, 105, 105, 105, 105, 105, 105, 105, 105, 105, 105, 105, 105, 105, 105, 105, 105, 105, 105, 105, 105, 105, 105, 105, 105, 105, 105, 105, 105, 105, 105, 105, 105, 105, 105, 105, 105, 105, 105, 105, 105, 105, 105, 105, 105, 105, 105, 105, 105, 105, 105, 105, 105, 105, 105, 105, 105, 105, 105, 105, 105, 105, 105, 105, 105, 105, 105, 105, 105, 105, 105, 105, 105, 105, 105, 105
106, 106, 106, 106, 106, 106, 106, 106, 106, 106, 106, 106, 106, 106, 106, 106, 106, 106, 106, 106, 106, 106, 106, 106, 106, 106, 106, 106, 106, 106, 106, 106, 106, 106, 106, 106, 106, 106, 106, 106, 106, 106, 106, 106, 106, 106, 106, 106, 106, 106, 106, 106, 106, 106, 106, 106, 106, 106, 106, 106, 106, 106, 106, 106, 106, 106, 106, 106, 106, 106, 106, 106, 106, 106, 106, 106, 106, 106, 106, 106, 106, 106, 106, 106, 106, 106, 106, 106, 106, 106, 106, 106, 106, 106, 106, 106, 106, 106, 106, 106, 106, 106, 106, 106, 106, 106, 106, 106, 106, 106, 106, 106, 106, 106, 106, 106, 106, 106, 106, 106
76, 107, 107, 41, 94, 59, 107, 76, 107, 32, 32, 76, 27, 107, 99, 27, 76, 32, 32, 107, 107, 107, 107, 107, 76, 32, 27, 107, 94, 27, 76, 99, 99, 32, 107, 107, 27, 32, 107, 107, 32, 32, 32, 32, 32, 32, 76, 32, 27, 76, 107, 107, 107, 99, 76, 32, 76, 27, 107, 107, 32, 107, 32, 76, 76, 94, 32, 32, 99, 32, 27, 76, 107, 107, 107, 27, 76, 27, 107, 76, 32, 107, 27, 107, 32, 27, 107, 41, 107, 76, 76, 94, 76, 107, 32, 107, 107, 107, 107, 32, 27, 32, 32, 76, 107, 76, 32, 32, 76, 99, 107, 76, 32, 107, 94, 107, 59, 59, 76, 107
108, 108, 108, 108, 108, 108, 108, 108, 108, 108, 108, 108, 108, 108, 108, 108, 108, 108, 108, 108, 108, 108, 108, 108, 108, 108, 108, 108, 108, 108, 108, 108, 108, 108, 108, 108, 108, 108, 108, 108, 108, 108, 108, 108, 108, 108, 108, 108, 108, 108, 108, 108, 108, 108, 108, 108, 108, 108, 108, 108, 108, 108, 108, 108, 108, 108, 108, 108, 108, 108, 108, 108, 108, 108, 108, 108, 108, 108, 108, 108, 108, 108, 108, 108, 108, 108, 108, 108, 108, 108, 108, 108, 108, 108, 108, 108, 108, 108, 108, 108, 108, 108, 108, 108, 108, 108, 108, 108, 108, 108, 108, 108, 108, 108, 108, 108, 108, 108, 108, 108
77, 109, 109, 101, 34, 101, 109, 77, 109, 109, 109, 77, 34, 109, 101, 109, 77, 109, 109, 109, 109, 109, 109, 109, 77, 109, 109, 109, 34, 109, 77, 101, 101, 109, 109, 109, 34, 109, 109, 109, 109, 109, 109, 109, 109, 109, 77, 109, 34, 77, 109, 109, 109, 77, 77, 109, 77, 109, 109, 109, 109, 109, 109, 77, 77, 34, 109, 109, 101, 109, 109, 77, 109, 77, 109, 34, 77, 109, 109, 77, 109, 109, 109, 109, 109, 34, 109, 101, 109, 77, 77, 34, 77, 109, 109, 109, 109, 109, 109, 109, 109, 109, 109, 77, 109, 77, 109, 109, 77, 101, 109, 77, 109, 109, 34, 109, 101, 101, 77, 109
110, 110, 110, 110, 54, 110, 110, 110, 110, 110, 110, 110, 110, 110, 110, 110, 110, 110, 110, 110, 110, 110, 110, 110, 110, 110, 110, 110, 54, 110, 110, 110, 110, 110, 110, 110, 110, 110, 110, 110, 110, 110, 110, 110, 110, 110, 110, 110, 110, 110, 110, 110, 110, 110, 110, 110, 110, 110, 110, 110, 110, 110, 110, 110, 110, 54, 110, 110, 110, 110, 110, 110, 110, 110, 110, 110, 110, 110, 110, 110, 110, 110, 110, 110, 110, 110, 110, 110, 110, 110, 110, 54, 110, 110, 110, 110, 110, 110, 110, 110, 110, 110, 110, 110, 110, 110, 110, 110, 110, 110, 110, 110, 110, 110, 54, 110, 110, 110, 110, 110
111, 111, 111, 111, 111, 111, 111, 111, 111, 111, 111, 111, 111, 111, 111, 111, 111, 111, 111, 111, 111, 111, 111, 111, 111, 111, 111, 111, 111, 111, 111, 111, 111, 111, 111, 111, 111, 111, 111, 111, 111, 111, 111, 111, 111, 111, 111, 111, 111, 111, 111, 111, 111, 111, 111, 111, 111, 111, 111, 111, 111, 111, 111, 111, 111, 111, 111, 111, 111, 111, 111, 111, 111, 111, 111, 111, 111, 111, 111, 111, 111, 111, 111, 111, 111, 111, 111, 111, 111, 111, 111, 111, 111, 111, 111, 111, 111, 111, 111, 111, 111, 111, 111, 111, 111, 111, 111, 111, 111, 111, 111, 111, 111, 111, 111, 111, 111, 111, 111, 111
112, 112, 112, 118, 30, 118, 112, 112, 112, 37, 37, 112, 37, 112, 112, 37, 112, 112, 37, 112, 112, 112, 112, 112, 112, 37, 37, 112, 30, 37, 112, 112, 112, 112, 112, 112, 30, 37, 112, 112, 37, 37, 37, 37, 37, 112, 112, 37, 30, 112, 112, 112, 112, 112, 112, 37, 112, 37, 112, 112, 37, 112, 37, 112, 112, 30, 37, 37, 112, 37, 37, 112, 112, 112, 112, 37, 112, 37, 112, 112, 37, 112, 37, 112, 37, 37, 112, 118, 112, 112, 112, 30, 112, 112, 37, 112, 112, 112, 112, 37, 37, 37, 37, 112, 112, 112, 37, 37, 112, 112, 112, 112, 37, 112, 30, 112, 112, 118, 112, 112
113, 113, 113, 92, 55, 92, 113, 113, 113, 113, 113, 113, 55, 113, 92, 55, 113, 113, 113, 113, 113, 113, 113, 113, 113, 113, 55, 113, 55, 55, 113, 92, 92, 113, 113, 113, 55, 113, 113, 113, 113, 113, 113, 113, 113, 113, 113, 113, 55, 113, 113, 113, 113, 92, 113, 113, 113, 55, 113, 113, 113, 113, 113, 113, 113, 55, 113, 113, 92, 113, 55, 113, 113, 113, 113, 55, 113, 55, 113, 113, 113, 113, 55, 113, 113, 55, 113, 92, 113, 113, 113, 55, 113, 113, 113, 113, 113, 113, 113, 113, 55, 113, 113, 113, 113, 113, 113, 113, 113, 92, 113, 113, 113, 113, 55, 113, 92, 92, 113, 113
114, 114, 114, 58, 95, 58, 114, 114, 114, 114, 95, 114, 95, 114, 58, 95, 114, 114, 114, 114, 114, 114, 114, 114, 114, 95, 95, 114, 127, 95, 114, 58, 58, 114, 114, 114, 95, 114, 114, 114, 114, 114, 114, 114, 114, 114, 114, 95, 95, 114, 114, 114, 114, 58, 114, 95, 114, 95, 114, 114, 114, 114, 114, 114, 114, 95, 114, 114, 58, 114, 95, 114, 114, 114, 114, 95, 114, 95, 114, 114, 95, 114, 95, 114, 114, 95, 114, 58, 114, 114, 114, 95, 114, 114, 114, 114, 114, 114, 114, 114, 95, 114, 114, 114, 114, 114, 95, 95, 114, 58, 114, 114, 114, 114, 95, 114, 58, 58, 114, 114
115, 115, 115, 115, 115, 115, 115, 115, 115, 115, 115, 115, 115, 115, 115, 115, 115, 115, 115, 115, 115, 115, 115, 115, 115, 115, 115, 115, 115, 115, 115, 115, 115, 115, 115, 115, 115, 115, 115, 115, 115, 115, 115, 115, 115, 115, 115, 115, 115, 115, 115, 115, 115, 115, 115, 115, 115, 115, 115, 115, 115, 115, 115, 115, 115, 115, 115, 115, 115, 115, 115, 115, 115, 115, 115, 115, 115, 115, 115, 115, 115, 115, 115, 115, 115, 115, 115, 115, 115, 115, 115, 115, 115, 115, 115, 115, 115, 115, 115, 115, 115, 115, 115, 115, 115, 115, 115, 115, 115, 115, 115, 115, 115, 115, 115, 115, 115, 115, 115, 115
116, 116, 116, 116, 116, 116, 116, 116, 116, 116, 116, 116, 116, 116, 116, 116, 116, 116, 116, 116, 116, 116, 116, 116, 116, 116, 116, 116, 116, 116, 116, 116, 116, 116, 116, 116, 116, 116, 116, 116, 116, 116, 116, 116, 116, 116, 116, 116, 116, 116, 116, 116, 116, 116, 116, 116, 116, 116, 116, 116, 116, 116, 116, 116, 116, 116, 116, 116, 116, 116, 116, 116, 116, 116, 116, 116, 116, 116, 116, 116, 116, 116, 116, 116, 116, 116, 116, 116, 116, 116, 116, 116, 116, 116, 116, 116, 116, 116, 116, 116, 116, 116, 116, 116, 116, 116, 116, 116, 116, 116, 116, 116, 116, 116, 116, 116, 116, 116, 116, 116
117, 117, 117, 93, 12, 117, 117, 117, 117, 117, 117, 117, 117, 117, 117, 117, 117, 117, 117, 117, 117, 117, 117, 117, 117, 117, 117, 117, 12, 117, 117, 117, 117, 117, 117, 117, 12, 117, 117, 117, 117, 117, 117, 117, 117, 117, 117, 117, 12, 117, 117, 117, 117, 117, 117, 117, 117, 117, 117, 117, 117, 117, 117, 117, 117, 12, 117, 117, 117, 117, 117, 117, 117, 117, 117, 12, 117, 117, 117, 117, 117, 117, 117, 117, 117, 12, 117, 93, 117, 117, 117, 12, 117, 117, 117, 117, 117, 117, 117, 117, 117, 117, 117, 117, 117, 117, 117, 117, 117, 117, 117, 117, 117, 117, 12, 117, 117, 93, 117, 117
118, 118, 118, 67, 112, 67, 118, 118, 118, 118, 118, 118, 118, 118, 67, 118, 118, 118, 118, 118, 118, 118, 118, 118, 118, 118, 118, 118, 112, 118, 118, 67, 118, 118, 118, 118, 112, 118, 118, 118, 118, 118, 118, 118, 118, 118, 118, 118, 112, 118, 118, 118, 118, 118, 118, 118, 118, 118, 118, 118, 118, 118, 118, 118, 118, 112, 118, 118, 118, 118, 118, 118, 118, 118, 118, 112, 118, 118, 118, 118, 118, 118, 118, 118, 118, 112, 118, 67, 118, 118, 118, 112, 118, 118, 118, 118, 118, 118, 118, 118, 118, 118, 118, 118, 118, 118, 118, 118, 118, 67, 118, 118, 118, 118, 112, 118, 67, 67, 118, 118
61, 119, 119, 61, 8, 61, 119, 119, 119, 8, 8, 119, 8, 119, 61, 8, 119, 119, 119, 119, 119, 119, 119, 119, 119, 8, 8, 119, 92, 8, 119, 61, 61, 119, 119, 119, 8, 119, 119, 119, 119, 119, 119, 8, 119, 119, 119, 8, 8, 119, 119, 119, 119, 61, 119, 8, 119, 8, 119, 119, 8, 119, 8, 119, 61, 8, 119, 119, 61, 8, 8, 61, 119, 119, 119, 8, 119, 8, 119, 119, 8, 119, 8, 119, 8, 8, 119, 61, 119, 119, 119, 8, 119, 119, 8, 119, 119, 119, 119, 8, 8, 119, 119, 61, 119, 61, 8, 8, 61, 61, 119, 119, 119, 119, 8, 119, 61, 61, 119, 119
120, 120, 120, 120, 120, 120, 120, 120, 120, 120, 120, 120, 120, 120, 120, 120, 120, 120, 120, 120, 120, 120, 120, 120, 120, 120, 120, 120, 120, 120, 120, 120, 120, 120, 120, 120, 120, 120, 120, 120, 120, 120, 120, 120, 120, 120, 120, 120, 120, 120, 120, 120, 120, 120, 120, 120, 120, 120, 120, 120, 120, 120, 120, 120, 120, 120, 120, 120, 120, 120, 120, 120, 120, 120, 120, 120, 120, 120, 120, 120, 120, 120, 120, 120, 120, 120, 120, 120, 120, 120, 120, 120, 120, 120, 120, 120, 120, 120, 120, 120, 120, 120, 120, 120, 120, 120, 120, 120, 120, 120, 120, 120, 120, 120, 120, 120, 120, 120, 120, 120
2, 38, 121, 21, 76, 21, 121, 2, 121, 41, 59, 2, 99, 121, 21, 99, 2, 38, 38, 121, 121, 121, 121, 121, 2, 59, 59, 121, 107, 99, 2, 21, 21, 38, 121, 121, 99, 38, 121, 121, 38, 20, 38, 41, 20, 38, 2, 59, 99, 2, 121, 121, 121, 21, 2, 59, 2, 99, 121, 121, 41, 121, 41, 2, 2, 76, 38, 20, 21, 41, 99, 2, 121, 2, 121, 99, 2, 99, 121, 2, 59, 121, 99, 121, 20, 99, 121, 21, 121, 2, 2, 76, 2, 121, 20, 121, 121, 121, 121, 20, 99, 20, 38, 2, 121, 2, 59, 41, 2, 21, 121, 2, 38, 121, 76, 121, 21, 21, 2, 38
103, 122, 122, 103, 9, 103, 122, 122, 122, 24, 24, 122, 24, 122, 103, 24, 122, 122, 122, 122, 122, 122, 122, 122, 122, 24, 24, 122, 35, 24, 122, 103, 103, 122, 122, 122, 24, 122, 122, 122, 122, 24, 122, 24, 24, 122, 122, 24, 24, 122, 122, 122, 122, 103, 122, 24, 103, 24, 122, 122, 24, 122, 24, 103, 103, 9, 122, 122, 103, 24, 24, 103, 122, 122, 122, 24, 122, 24, 122, 122, 24, 122, 24, 122, 24, 24, 122, 103, 122, 122, 122, 9, 122, 122, 24, 122, 122, 122, 122, 24, 24, 24, 122, 103, 122, 103, 24, 24, 103, 103, 122, 122, 122, 122, 9, 122, 103, 103, 122, 122
123, 123, 123, 123, 123, 123, 123, 123, 123, 123, 123, 123, 123, 123, 123, 123, 123, 123, 123, 123, 123, 123, 123, 123, 123, 123, 123, 123, 123, 123, 123, 123, 123, 123, 123, 123, 123, 123, 123, 123, 123, 123, 123, 123, 123, 123, 123, 123, 123, 123, 123, 123, 123, 123, 123, 123, 123, 123, 123, 123, 123, 123, 123, 123, 123, 123, 123, 123, 123, 123, 123, 123, 123, 123, 123, 123, 123, 123, 123, 123, 123, 123, 123, 123, 123, 123, 123, 123, 123, 123, 123, 123, 123, 123, 123, 123, 123, 123, 123, 123, 123, 123, 123, 123, 123, 123, 123, 123, 123, 123, 123, 123, 123, 123, 123, 123, 123, 123, 123, 123
70, 124, 124, 3, 21, 3, 124, 18, 124, 28, 28, 18, 57, 18, 70, 57, 18, 28, 28, 124, 124, 124, 18, 124, 18, 28, 57, 124, 21, 57, 18, 70, 70, 28, 124, 124, 57, 28, 124, 124, 28, 28, 28, 28, 28, 28, 18, 28, 57, 18, 124, 124, 124, 70, 18, 28, 70, 57, 124, 124, 28, 18, 28, 70, 70, 21, 28, 28, 70, 28, 57, 70, 18, 18, 124, 57, 18, 57, 124, 18, 28, 124, 57, 124, 28, 57, 124, 3, 124, 18, 18, 21, 18, 124, 28, 124, 124, 124, 124, 28, 57, 28, 28, 70, 124, 70, 28, 28, 70, 70, 124, 18, 28, 124, 21, 124, 3, 3, 18, 124
125, 125, 125, 125, 125, 125, 125, 125, 125, 125, 125, 125, 125, 125, 125, 125, 125, 125, 125, 125, 125, 125, 125, 125, 125, 125, 125, 125, 125, 125, 125, 125, 125, 125, 125, 125, 125, 125, 125, 125, 125, 125, 125, 125, 125, 125, 125, 125, 125, 125, 125, 125, 125, 125, 125, 125, 125, 125, 125, 125, 125, 125, 125, 125, 125, 125, 125, 125, 125, 125, 125, 125, 125, 125, 125, 125, 125, 125, 125, 125, 125, 125, 125, 125, 125, 125, 125, 125, 125, 125, 125, 125, 125, 125, 125, 125, 125, 125, 125, 125, 125, 125, 125, 125, 125, 125, 125, 125, 125, 125, 125, 125, 125, 125, 125, 125, 125, 125, 125, 125
126, 126, 126, 126, 126, 126, 126, 126, 126, 126, 126, 126, 126, 126, 126, 126, 126, 126, 126, 126, 126, 126, 126, 126, 126, 126, 126, 126, 126, 126, 126, 126, 126, 126, 126, 126, 126, 126, 126, 126, 126, 126, 126, 126, 126, 126, 126, 126, 126, 126, 126, 126, 126, 126, 126, 126, 126, 126, 126, 126, 126, 126, 126, 126, 126, 126, 126, 126, 126, 126, 126, 126, 126, 126, 126, 126, 126, 126, 126, 126, 126, 126, 126, 126, 126, 126, 126, 126, 126, 126, 126, 126, 126, 126, 126, 126, 126, 126, 126, 126, 126, 126, 126, 126, 126, 126, 126, 126, 126, 126, 126, 126, 126, 126, 126, 126, 126, 126, 126, 126
95, 127, 127, 114, 4, 95, 127, 95, 127, 86, 86, 95, 86, 127, 95, 86, 95, 86, 86, 127, 127, 127, 127, 127, 95, 86, 86, 127, 4, 86, 95, 95, 95, 127, 127, 127, 86, 86, 127, 127, 86, 86, 86, 86, 86, 127, 95, 86, 86, 95, 127, 127, 127, 95, 95, 86, 95, 86, 127, 127, 86, 127, 86, 95, 95, 4, 86, 86, 95, 86, 86, 95, 127, 127, 127, 86, 95, 86, 127, 95, 86, 127, 86, 127, 86, 86, 127, 114, 127, 95, 95, 86, 95, 127, 86, 127, 127, 127, 127, 86, 86, 86, 86, 95, 127, 95, 86, 86, 95, 95, 127, 95, 86, 127, 86, 127, 95, 95, 95, 127
