7, 83, 2, 96, 65, 92, 104, 56, 40, 33, 108, 48, 90, 16, 69, 23, 100, 88, 117, 26, 5, 68, 42, 11, 43, 115, 77, 116, 120, 118, 47, 31, 22, 73, 83, 104, 110, 108, 89, 102, 62, 26, 58, 63, 56, 73, 61, 33, 97, 36, 72, 3, 27, 64, 16, 125, 108, 75, 116, 95, 39, 111, 93, 113, 65, 103, 52, 69, 83, 126, 22, 11, 34, 85, 51, 6, 62, 90, 15, 11, 54, 31, 104, 53, 68, 37, 102, 65, 79, 97, 73, 24, 82, 108, 68, 11, 52, 115, 111, 1, 100, 100, 51, 8, 63, 50, 67, 42, 69, 97, 26, 16, 126, 28, 72, 22, 99, 15, 46, 64, 34, 10, 96, 83, 125, 69, 5, 4
47, 47, 47, 47, 47, 47, 47, 25, 47, 47, 47, 47, 47, 47, 47, 47, 47, 47, 47, 47, 25, 47, 25, 47, 47, 47, 47, 47, 47, 47, 47, 25, 47, 47, 47, 47, 47, 47, 47, 47, 47, 47, 47, 47, 25, 47, 47, 47, 47, 47, 47, 47, 47, 47, 25, 25, 47, 47, 47, 47, 47, 47, 47, 47, 47, 47, 25, 47, 47, 47, 47, 47, 47, 47, 47, 47, 47, 47, 25, 47, 47, 25, 47, 47, 47, 47, 47, 47, 47, 47, 47, 47, 47, 47, 47, 47, 25, 47, 47, 47, 47, 47, 47, 47, 47, 47, 47, 25, 47, 47, 47, 47, 47, 47, 47, 47, 47, 25, 47, 47, 47, 47, 47, 47, 25, 47, 25, 47
25, 1, 47, 25, 47, 47, 1, 50, 47, 25, 47, 47, 84, 50, 1, 25, 47, 47, 25, 1, 50, 47, 50, 1, 47, 25, 47, 25, 84, 25, 47, 53, 47, 47, 1, 1, 25, 47, 47, 25, 25, 1, 25, 47, 50, 47, 25, 25, 1, 25, 3, 47, 47, 84, 50, 50, 47, 25, 25, 25, 47, 25, 25, 47, 47, 47, 53, 1, 1, 25, 47, 1, 47, 47, 84, 25, 25, 84, 50, 1, 25, 53, 1, 47, 47, 25, 25, 47, 25, 1, 47, 47, 47, 47, 47, 1, 53, 25, 25, 47, 47, 47, 1, 47, 47, 47, 25, 50, 1, 1, 1, 50, 25, 47, 3, 47, 47, 50, 47, 84, 47, 47, 25, 1, 50, 1, 50, 25
47, 47, 47, 25, 47, 47, 47, 25, 47, 25, 47, 47, 1, 25, 47, 47, 47, 47, 25, 47, 25, 47, 25, 47, 47, 25, 47, 25, 1, 47, 47, 25, 47, 47, 47, 47, 47, 47, 47, 25, 25, 1, 47, 47, 25, 47, 47, 25, 47, 25, 1, 47, 47, 1, 25, 25, 47, 47, 25, 47, 47, 25, 25, 47, 47, 47, 25, 47, 47, 25, 47, 47, 47, 47, 1, 25, 25, 1, 25, 47, 47, 50, 47, 47, 47, 47, 25, 47, 47, 47, 47, 47, 47, 47, 47, 47, 25, 25, 25, 47, 47, 47, 1, 47, 47, 47, 47, 25, 47, 47, 47, 25, 25, 47, 1, 47, 47, 25, 47, 1, 47, 47, 25, 47, 25, 47, 25, 47
70, 29, 25, 20, 53, 84, 78, 109, 50, 57, 98, 47, 103, 27, 80, 3, 50, 1, 124, 43, 89, 48, 71, 39, 1, 2, 25, 32, 46, 84, 47, 40, 98, 53, 29, 85, 3, 48, 50, 121, 99, 9, 124, 50, 109, 53, 84, 57, 74, 57, 8, 47, 25, 88, 82, 34, 98, 3, 107, 18, 47, 21, 28, 1, 98, 1, 89, 80, 29, 27, 98, 39, 25, 47, 122, 28, 76, 103, 101, 39, 3, 63, 85, 47, 48, 84, 38, 53, 70, 74, 53, 1, 25, 48, 48, 29, 10, 2, 21, 47, 50, 53, 24, 84, 50, 47, 84, 82, 80, 78, 35, 94, 32, 25, 113, 98, 25, 77, 1, 49, 25, 50, 59, 29, 34, 39, 89, 18
34, 8, 50, 73, 122, 99, 110, 68, 39, 63, 46, 1, 6, 65, 67, 77, 78, 21, 10, 4, 83, 92, 22, 112, 70, 100, 98, 65, 115, 94, 47, 69, 49, 24, 30, 23, 34, 113, 29, 100, 73, 114, 10, 85, 108, 43, 32, 63, 79, 63, 62, 25, 53, 111, 22, 68, 46, 71, 73, 89, 84, 100, 40, 38, 103, 57, 83, 75, 119, 65, 88, 112, 29, 3, 117, 40, 73, 36, 22, 118, 109, 69, 54, 1, 113, 27, 100, 103, 34, 7, 9, 124, 98, 55, 92, 37, 11, 100, 63, 25, 78, 74, 12, 107, 80, 47, 82, 22, 23, 110, 86, 65, 65, 50, 96, 88, 53, 108, 2, 33, 48, 39, 73, 61, 68, 67, 83, 89
28, 39, 25, 27, 98, 84, 9, 89, 50, 38, 48, 47, 46, 109, 78, 70, 53, 84, 21, 103, 40, 39, 34, 85, 1, 76, 25, 71, 8, 3, 47, 100, 48, 98, 80, 43, 124, 29, 50, 107, 94, 49, 57, 53, 89, 53, 3, 121, 24, 121, 118, 25, 25, 113, 109, 10, 29, 70, 82, 57, 47, 99, 21, 84, 48, 1, 63, 74, 80, 77, 48, 85, 50, 1, 88, 2, 94, 55, 34, 85, 18, 100, 35, 47, 29, 3, 32, 98, 124, 122, 98, 1, 25, 29, 39, 80, 63, 107, 41, 47, 53, 53, 88, 84, 53, 47, 3, 34, 74, 24, 103, 109, 101, 25, 37, 48, 25, 89, 84, 55, 50, 50, 27, 80, 10, 78, 40, 28
70, 48, 25, 38, 53, 84, 85, 109, 50, 57, 98, 47, 122, 27, 39, 3, 50, 1, 124, 74, 34, 48, 82, 39, 1, 21, 25, 107, 46, 84, 47, 40, 98, 53, 29, 80, 3, 48, 50, 2, 59, 35, 18, 50, 77, 53, 84, 57, 78, 28, 92, 47, 25, 49, 94, 34, 98, 3, 76, 18, 47, 21, 124, 1, 53, 1, 89, 80, 29, 32, 98, 29, 25, 47, 24, 28, 99, 103, 71, 39, 3, 40, 85, 47, 48, 84, 121, 53, 70, 74, 53, 1, 25, 98, 48, 29, 10, 2, 57, 47, 50, 50, 9, 84, 50, 47, 84, 94, 80, 78, 43, 27, 107, 25, 113, 98, 25, 101, 1, 49, 25, 50, 20, 29, 34, 39, 89, 70
84, 53, 47, 70, 50, 1, 48, 121, 25, 3, 50, 47, 39, 28, 98, 1, 25, 47, 84, 29, 76, 53, 21, 98, 47, 3, 25, 124, 78, 1, 47, 82, 50, 50, 53, 98, 1, 53, 25, 70, 18, 29, 84, 25, 121, 25, 1, 3, 48, 3, 9, 47, 25, 85, 57, 20, 50, 1, 124, 84, 47, 3, 84, 1, 50, 47, 107, 98, 53, 28, 50, 53, 25, 47, 39, 84, 124, 80, 21, 98, 1, 71, 48, 47, 53, 1, 70, 50, 84, 48, 50, 47, 25, 50, 53, 53, 27, 3, 3, 47, 25, 25, 29, 1, 25, 47, 1, 57, 98, 48, 29, 57, 28, 47, 43, 50, 25, 2, 1, 80, 25, 25, 18, 53, 99, 98, 107, 84
1, 50, 47, 84, 25, 47, 53, 70, 25, 1, 25, 47, 98, 84, 50, 1, 25, 47, 1, 53, 18, 25, 3, 50, 47, 1, 47, 84, 48, 47, 47, 57, 25, 25, 50, 50, 1, 25, 25, 84, 84, 53, 1, 25, 70, 25, 47, 1, 53, 1, 29, 47, 47, 98, 3, 70, 25, 47, 84, 1, 47, 1, 1, 47, 25, 47, 124, 50, 50, 84, 25, 50, 25, 47, 98, 1, 84, 98, 3, 50, 1, 21, 50, 47, 25, 47, 84, 25, 1, 53, 25, 47, 47, 25, 50, 50, 28, 1, 1, 47, 25, 25, 53, 47, 25, 47, 47, 3, 50, 53, 53, 3, 84, 47, 29, 25, 47, 3, 47, 98, 25, 25, 84, 50, 18, 50, 124, 1
50, 84, 47, 53, 1, 25, 70, 29, 47, 50, 1, 47, 57, 98, 3, 25, 1, 25, 50, 124, 29, 84, 48, 3, 25, 53, 47, 98, 59, 25, 47, 85, 1, 1, 84, 70, 25, 84, 47, 53, 53, 28, 50, 1, 48, 1, 25, 50, 18, 50, 27, 47, 47, 121, 98, 29, 84, 25, 98, 50, 47, 53, 50, 25, 1, 25, 39, 3, 84, 98, 1, 3, 47, 25, 57, 50, 53, 21, 48, 3, 25, 85, 70, 47, 84, 25, 53, 1, 50, 124, 1, 25, 47, 84, 84, 84, 80, 53, 50, 47, 1, 1, 28, 25, 47, 47, 25, 98, 3, 18, 28, 98, 98, 47, 107, 1, 47, 48, 25, 2, 47, 47, 53, 84, 29, 3, 39, 50
39, 27, 1, 122, 57, 53, 89, 8, 3, 78, 41, 25, 63, 46, 109, 48, 18, 53, 80, 10, 112, 32, 55, 101, 50, 43, 84, 49, 73, 98, 47, 23, 2, 57, 82, 34, 29, 107, 84, 9, 103, 40, 80, 70, 92, 28, 98, 78, 89, 78, 65, 47, 1, 100, 46, 61, 99, 48, 49, 39, 25, 43, 85, 53, 2, 50, 118, 34, 94, 88, 121, 71, 84, 25, 63, 85, 103, 100, 113, 77, 29, 110, 34, 25, 107, 98, 24, 21, 29, 10, 28, 50, 1, 76, 27, 71, 75, 35, 74, 47, 70, 124, 63, 98, 3, 47, 48, 55, 34, 89, 40, 46, 88, 47, 65, 38, 1, 92, 53, 100, 84, 3, 122, 82, 30, 109, 118, 39
124, 29, 25, 107, 98, 84, 74, 34, 50, 2, 48, 47, 49, 71, 85, 70, 53, 1, 57, 24, 10, 29, 109, 80, 1, 20, 25, 94, 113, 3, 47, 63, 98, 98, 39, 78, 70, 29, 50, 99, 32, 122, 28, 50, 34, 53, 84, 2, 35, 21, 37, 25, 25, 55, 101, 89, 48, 3, 27, 28, 47, 121, 57, 84, 98, 1, 40, 85, 39, 82, 98, 80, 50, 1, 49, 21, 27, 88, 109, 80, 70, 100, 74, 47, 29, 3, 76, 98, 18, 9, 53, 1, 25, 48, 29, 39, 40, 59, 121, 47, 53, 53, 103, 84, 50, 47, 3, 77, 78, 43, 122, 101, 82, 25, 119, 48, 25, 34, 84, 46, 50, 50, 107, 39, 89, 85, 10, 124
119, 65, 70, 114, 40, 24, 68, 96, 101, 54, 100, 53, 69, 33, 108, 55, 34, 78, 118, 83, 116, 73, 115, 22, 29, 79, 38, 91, 97, 88, 47, 15, 63, 40, 65, 108, 92, 73, 27, 4, 12, 11, 118, 109, 96, 89, 103, 23, 83, 23, 51, 84, 57, 104, 111, 62, 100, 46, 93, 37, 98, 110, 67, 35, 63, 85, 126, 108, 65, 33, 100, 22, 107, 48, 69, 75, 117, 69, 115, 22, 113, 15, 68, 50, 73, 49, 86, 63, 8, 83, 10, 39, 2, 73, 73, 65, 16, 7, 110, 1, 34, 89, 11, 122, 77, 25, 46, 111, 108, 68, 11, 111, 36, 3, 26, 100, 124, 102, 74, 104, 76, 82, 58, 65, 116, 22, 126, 30
65, 6, 29, 11, 75, 10, 62, 26, 46, 68, 7, 124, 15, 104, 115, 73, 119, 34, 22, 126, 90, 117, 97, 111, 27, 68, 43, 69, 5, 100, 47, 120, 54, 67, 33, 96, 73, 114, 49, 83, 11, 16, 22, 113, 26, 37, 63, 108, 116, 108, 31, 53, 85, 125, 104, 51, 4, 100, 69, 65, 21, 68, 22, 10, 54, 109, 90, 102, 91, 104, 110, 111, 122, 99, 42, 108, 11, 56, 97, 111, 73, 120, 96, 3, 12, 63, 83, 23, 65, 126, 118, 71, 78, 127, 93, 33, 64, 83, 68, 25, 92, 61, 42, 40, 55, 1, 100, 97, 102, 62, 16, 104, 69, 98, 52, 79, 39, 26, 89, 56, 24, 88, 11, 36, 51, 115, 90, 65
71, 46, 50, 63, 78, 21, 118, 65, 48, 89, 122, 1, 7, 73, 8, 32, 39, 124, 34, 75, 108, 88, 73, 113, 3, 40, 53, 100, 6, 59, 47, 68, 35, 78, 55, 30, 94, 49, 48, 40, 63, 54, 109, 29, 65, 80, 121, 89, 67, 89, 111, 25, 53, 58, 73, 22, 103, 107, 100, 109, 84, 10, 34, 57, 43, 18, 108, 119, 46, 100, 9, 113, 98, 84, 79, 34, 100, 4, 65, 92, 27, 83, 112, 1, 49, 38, 63, 74, 82, 75, 85, 3, 53, 103, 88, 55, 68, 40, 10, 25, 39, 80, 110, 2, 29, 47, 76, 73, 61, 118, 23, 73, 100, 25, 33, 24, 50, 65, 28, 95, 98, 48, 63, 55, 22, 8, 108, 77
27, 49, 50, 40, 85, 28, 119, 73, 48, 34, 35, 1, 54, 100, 113, 99, 29, 70, 77, 118, 65, 103, 100, 46, 84, 89, 53, 63, 114, 2, 47, 108, 78, 80, 88, 92, 32, 24, 98, 10, 40, 67, 71, 48, 73, 39, 21, 34, 30, 34, 36, 25, 50, 7, 100, 65, 9, 20, 63, 82, 1, 89, 109, 28, 78, 3, 22, 113, 49, 100, 74, 46, 98, 84, 23, 109, 63, 110, 73, 55, 76, 68, 8, 47, 122, 2, 10, 85, 32, 112, 80, 3, 53, 24, 103, 88, 22, 89, 34, 25, 29, 39, 75, 57, 48, 47, 121, 100, 92, 61, 118, 100, 63, 25, 93, 43, 50, 73, 124, 79, 53, 98, 40, 88, 65, 55, 22, 94
108, 115, 39, 104, 7, 100, 42, 64, 119, 11, 6, 21, 5, 26, 116, 65, 67, 10, 68, 56, 120, 111, 51, 62, 109, 69, 103, 97, 31, 73, 47, 13, 58, 79, 96, 16, 22, 33, 113, 69, 104, 125, 68, 112, 90, 54, 100, 83, 15, 83, 87, 98, 43, 52, 51, 64, 36, 65, 97, 108, 99, 11, 83, 63, 95, 89, 72, 126, 102, 26, 117, 96, 46, 94, 5, 83, 97, 5, 90, 62, 22, 13, 16, 70, 111, 73, 104, 4, 22, 15, 110, 34, 122, 33, 115, 96, 72, 69, 11, 50, 118, 23, 125, 100, 30, 84, 73, 51, 126, 42, 56, 26, 26, 29, 106, 93, 78, 90, 63, 52, 88, 92, 104, 102, 120, 116, 120, 108
25, 47, 47, 25, 47, 47, 1, 25, 47, 25, 47, 47, 1, 25, 47, 47, 47, 47, 25, 1, 50, 47, 25, 47, 47, 25, 47, 25, 1, 47, 47, 50, 47, 47, 47, 47, 25, 47, 47, 25, 25, 1, 25, 47, 25, 47, 47, 25, 1, 25, 84, 47, 47, 1, 25, 25, 47, 47, 25, 25, 47, 25, 25, 47, 47, 47, 50, 47, 47, 25, 47, 47, 47, 47, 1, 25, 25, 1, 25, 47, 47, 50, 1, 47, 47, 47, 25, 47, 25, 1, 47, 47, 47, 47, 47, 47, 50, 25, 25, 47, 47, 47, 1, 47, 47, 47, 47, 25, 47, 1, 1, 25, 25, 47, 84, 47, 47, 25, 47, 1, 47, 47, 25, 47, 25, 47, 50, 25
54, 108, 57, 111, 73, 46, 69, 42, 89, 117, 65, 98, 26, 62, 83, 118, 63, 122, 7, 104, 56, 108, 126, 83, 85, 36, 94, 96, 90, 119, 47, 5, 73, 100, 68, 11, 75, 22, 34, 33, 115, 97, 79, 40, 16, 100, 113, 12, 69, 58, 120, 84, 99, 90, 116, 15, 22, 37, 102, 110, 29, 91, 86, 88, 73, 9, 125, 11, 108, 62, 65, 68, 109, 39, 26, 95, 102, 51, 126, 83, 67, 52, 69, 53, 22, 92, 111, 73, 23, 104, 100, 74, 32, 22, 108, 68, 125, 33, 93, 1, 40, 63, 97, 55, 10, 25, 61, 116, 11, 69, 104, 116, 96, 18, 120, 65, 2, 16, 49, 51, 101, 89, 115, 68, 15, 83, 56, 54
25, 1, 47, 25, 47, 25, 1, 50, 47, 25, 47, 47, 84, 50, 1, 25, 47, 47, 25, 1, 53, 1, 50, 1, 47, 25, 47, 50, 3, 25, 47, 53, 47, 47, 1, 1, 25, 1, 47, 25, 25, 84, 25, 47, 50, 47, 25, 25, 1, 25, 70, 47, 47, 3, 50, 50, 47, 25, 25, 25, 47, 25, 25, 47, 47, 47, 53, 1, 1, 50, 47, 1, 47, 47, 84, 25, 25, 84, 50, 1, 25, 98, 1, 47, 1, 25, 25, 47, 25, 1, 47, 47, 47, 47, 1, 1, 53, 25, 25, 47, 47, 47, 84, 25, 47, 47, 25, 50, 1, 1, 84, 50, 50, 47, 70, 47, 47, 50, 47, 84, 47, 47, 25, 1, 53, 1, 53, 25
25, 47, 47, 25, 47, 47, 1, 50, 47, 25, 47, 47, 84, 25, 1, 25, 47, 47, 25, 1, 50, 47, 50, 1, 47, 25, 47, 25, 84, 25, 47, 53, 47, 47, 1, 1, 25, 47, 47, 25, 25, 1, 25, 47, 50, 47, 47, 25, 1, 25, 3, 47, 47, 84, 25, 50, 47, 25, 25, 25, 47, 25, 25, 47, 47, 47, 50, 1, 47, 25, 47, 1, 47, 47, 1, 25, 25, 84, 50, 1, 25, 53, 1, 47, 47, 25, 25, 47, 25, 1, 47, 47, 47, 47, 47, 1, 50, 25, 25, 47, 47, 47, 1, 47, 47, 47, 25, 50, 1, 1, 1, 25, 25, 47, 3, 47, 47, 50, 47, 84, 47, 47, 25, 47, 50, 1, 50, 25
98, 21, 47, 80, 3, 50, 32, 122, 1, 29, 124, 25, 34, 74, 59, 53, 84, 50, 48, 82, 88, 57, 35, 121, 25, 29, 1, 85, 10, 53, 47, 113, 70, 3, 2, 107, 53, 28, 1, 39, 80, 101, 98, 84, 122, 3, 50, 48, 94, 48, 63, 47, 1, 89, 43, 103, 124, 53, 85, 98, 25, 29, 48, 50, 70, 25, 46, 99, 21, 78, 18, 121, 1, 25, 109, 48, 85, 34, 9, 38, 53, 92, 32, 47, 28, 50, 39, 70, 98, 82, 3, 25, 1, 28, 57, 2, 55, 39, 29, 47, 84, 84, 109, 50, 84, 47, 53, 43, 76, 27, 71, 74, 78, 47, 63, 18, 47, 24, 50, 34, 1, 1, 80, 21, 49, 20, 88, 98
3, 98, 25, 21, 53, 1, 39, 94, 25, 124, 53, 47, 74, 59, 29, 84, 50, 1, 70, 85, 77, 98, 107, 48, 47, 28, 25, 121, 103, 84, 47, 89, 53, 50, 48, 39, 84, 98, 25, 57, 21, 78, 3, 50, 27, 50, 1, 18, 80, 18, 46, 47, 25, 24, 76, 82, 53, 84, 2, 3, 47, 28, 70, 1, 53, 1, 109, 29, 98, 20, 53, 48, 25, 47, 74, 70, 2, 35, 32, 48, 84, 89, 39, 47, 98, 1, 57, 53, 3, 80, 50, 1, 25, 98, 98, 48, 34, 28, 124, 47, 50, 50, 78, 1, 50, 47, 84, 76, 29, 39, 85, 99, 38, 25, 88, 53, 25, 27, 1, 9, 25, 25, 21, 48, 101, 29, 109, 3
1, 50, 47, 84, 25, 47, 53, 70, 25, 1, 25, 47, 98, 3, 50, 1, 25, 47, 1, 53, 124, 50, 3, 50, 47, 1, 25, 84, 48, 47, 47, 57, 25, 25, 50, 50, 1, 25, 25, 84, 84, 53, 1, 25, 70, 25, 47, 1, 53, 1, 29, 47, 47, 48, 3, 18, 25, 47, 84, 1, 47, 1, 1, 47, 25, 47, 28, 50, 50, 84, 25, 50, 25, 47, 98, 1, 84, 98, 3, 50, 1, 21, 50, 47, 25, 47, 84, 25, 1, 53, 25, 47, 47, 25, 50, 50, 28, 84, 1, 47, 25, 25, 53, 47, 25, 47, 47, 3, 50, 53, 53, 3, 84, 47, 29, 25, 47, 3, 47, 98, 25, 25, 84, 50, 18, 50, 124, 1
47, 47, 47, 47, 47, 47, 47, 47, 47, 47, 47, 47, 47, 47, 47, 47, 47, 47, 47, 47, 47, 47, 47, 47, 47, 47, 47, 47, 25, 47, 47, 47, 47, 47, 47, 47, 47, 47, 47, 47, 47, 47, 47, 47, 47, 47, 47, 47, 47, 47, 25, 47, 47, 25, 47, 47, 47, 47, 47, 47, 47, 47, 47, 47, 47, 47, 47, 47, 47, 47, 47, 47, 47, 47, 47, 47, 47, 47, 47, 47, 47, 47, 47, 47, 47, 47, 47, 47, 47, 47, 47, 47, 47, 47, 47, 47, 47, 47, 47, 47, 47, 47, 47, 47, 47, 47, 47, 47, 47, 47, 47, 47, 47, 47, 25, 47, 47, 47, 47, 47, 47, 47, 47, 47, 47, 47, 47, 47
43, 89, 1, 92, 32, 48, 100, 110, 28, 88, 77, 25, 65, 118, 63, 85, 121, 98, 122, 73, 86, 34, 75, 40, 53, 46, 3, 30, 108, 39, 47, 36, 82, 107, 10, 63, 78, 34, 124, 55, 8, 73, 24, 21, 54, 99, 29, 49, 100, 49, 83, 1, 84, 22, 67, 79, 109, 80, 61, 9, 50, 46, 103, 48, 94, 98, 58, 63, 89, 112, 71, 10, 18, 50, 65, 103, 119, 22, 23, 40, 78, 33, 100, 25, 34, 39, 113, 27, 74, 73, 76, 53, 3, 109, 89, 10, 117, 55, 88, 47, 2, 20, 65, 29, 57, 25, 80, 67, 63, 100, 73, 118, 37, 1, 68, 101, 84, 54, 48, 22, 70, 28, 92, 89, 7, 40, 95, 35
25, 1, 47, 50, 47, 25, 84, 53, 47, 25, 1, 47, 3, 50, 1, 25, 47, 25, 25, 84, 53, 1, 50, 1, 47, 25, 47, 50, 18, 25, 47, 98, 1, 47, 1, 84, 25, 1, 47, 50, 50, 84, 25, 47, 53, 47, 25, 25, 84, 25, 28, 47, 47, 70, 50, 53, 1, 25, 50, 25, 47, 25, 25, 25, 47, 47, 98, 1, 1, 50, 1, 1, 47, 47, 3, 25, 50, 3, 53, 1, 25, 48, 84, 47, 1, 25, 50, 47, 25, 84, 47, 47, 47, 1, 1, 1, 98, 50, 25, 47, 47, 47, 3, 25, 47, 47, 25, 50, 1, 84, 84, 50, 50, 47, 124, 1, 47, 53, 25, 3, 47, 47, 50, 1, 53, 1, 98, 25
25, 47, 47, 25, 47, 47, 1, 50, 47, 25, 47, 47, 1, 25, 1, 25, 47, 47, 25, 1, 50, 47, 25, 47, 47, 25, 47, 25, 84, 47, 47, 50, 47, 47, 47, 1, 25, 47, 47, 25, 25, 1, 25, 47, 25, 47, 47, 25, 1, 25, 84, 47, 47, 1, 25, 50, 47, 25, 25, 25, 47, 25, 25, 47, 47, 47, 50, 1, 47, 25, 47, 47, 47, 47, 1, 25, 25, 1, 25, 47, 25, 50, 1, 47, 47, 47, 25, 47, 25, 1, 47, 47, 47, 47, 47, 47, 50, 25, 25, 47, 47, 47, 1, 47, 47, 47, 47, 25, 1, 1, 1, 25, 25, 47, 84, 47, 47, 25, 47, 1, 47, 47, 25, 47, 50, 47, 50, 25
47, 25, 47, 1, 25, 47, 25, 84, 47, 47, 25, 47, 50, 1, 25, 47, 25, 47, 47, 50, 84, 25, 1, 25, 47, 1, 47, 1, 53, 47, 47, 3, 25, 25, 25, 25, 47, 25, 47, 1, 1, 50, 47, 47, 1, 25, 47, 47, 25, 47, 53, 47, 47, 50, 1, 84, 25, 47, 1, 47, 47, 1, 47, 47, 25, 47, 84, 25, 25, 1, 25, 25, 47, 47, 50, 47, 1, 50, 1, 25, 47, 3, 25, 47, 25, 47, 1, 25, 47, 25, 25, 47, 47, 25, 25, 25, 84, 1, 47, 47, 47, 25, 50, 47, 47, 47, 47, 1, 25, 25, 50, 1, 1, 47, 53, 25, 47, 1, 47, 50, 47, 47, 1, 25, 84, 25, 84, 47
84, 53, 25, 124, 50, 1, 48, 99, 25, 3, 53, 47, 80, 21, 98, 1, 25, 1, 84, 29, 32, 53, 2, 98, 47, 70, 25, 28, 43, 1, 47, 101, 50, 50, 98, 48, 84, 53, 25, 18, 124, 39, 84, 25, 41, 50, 1, 3, 29, 3, 122, 47, 25, 78, 21, 76, 53, 1, 28, 84, 47, 70, 3, 1, 50, 47, 94, 48, 53, 57, 50, 98, 25, 47, 80, 3, 28, 85, 121, 98, 84, 109, 48, 47, 53, 1, 18, 50, 84, 29, 50, 47, 25, 53, 53, 98, 82, 70, 3, 47, 25, 50, 39, 1, 25, 47, 1, 2, 48, 29, 39, 21, 57, 47, 24, 50, 25, 38, 1, 85, 25, 25, 124, 98, 107, 98, 27, 84
40, 118, 53, 65, 88, 94, 114, 83, 78, 100, 92, 84, 115, 108, 79, 89, 24, 59, 63, 6, 11, 112, 68, 54, 28, 73, 29, 22, 62, 109, 47, 104, 55, 88, 75, 4, 10, 30, 80, 65, 65, 33, 63, 43, 83, 103, 101, 100, 117, 100, 16, 50, 98, 96, 108, 11, 8, 34, 22, 63, 3, 73, 100, 32, 55, 121, 69, 79, 67, 108, 113, 23, 39, 18, 111, 100, 22, 115, 68, 54, 89, 97, 86, 1, 37, 77, 65, 46, 10, 93, 49, 21, 48, 119, 118, 23, 104, 73, 73, 25, 35, 122, 33, 82, 74, 47, 34, 68, 7, 58, 36, 108, 108, 50, 126, 92, 98, 83, 107, 102, 29, 85, 65, 75, 11, 110, 69, 40
25, 1, 47, 50, 47, 25, 84, 53, 47, 25, 1, 47, 3, 50, 1, 25, 47, 47, 25, 84, 53, 1, 50, 1, 47, 25, 47, 50, 70, 25, 47, 98, 47, 47, 1, 1, 25, 1, 47, 25, 50, 84, 25, 47, 53, 47, 25, 25, 84, 25, 28, 47, 47, 3, 50, 53, 1, 25, 50, 25, 47, 25, 25, 25, 47, 47, 98, 1, 1, 50, 1, 1, 47, 47, 84, 25, 50, 3, 50, 1, 25, 98, 1, 47, 1, 25, 50, 47, 25, 84, 47, 47, 47, 1, 1, 1, 98, 25, 25, 47, 47, 47, 84, 25, 47, 47, 25, 50, 1, 84, 84, 50, 50, 47, 124, 1, 47, 53, 25, 3, 47, 47, 50, 1, 53, 1, 53, 25
57, 80, 25, 82, 48, 3, 122, 10, 53, 76, 29, 47, 55, 34, 43, 124, 53, 84, 2, 49, 63, 80, 89, 78, 1, 32, 50, 109, 30, 70, 47, 100, 48, 98, 85, 9, 28, 39, 50, 27, 71, 46, 2, 53, 10, 98, 3, 99, 103, 41, 75, 25, 25, 8, 34, 40, 29, 18, 77, 21, 1, 107, 121, 84, 48, 84, 63, 35, 85, 109, 29, 78, 50, 1, 55, 38, 101, 113, 89, 74, 124, 73, 24, 47, 39, 3, 94, 48, 28, 49, 98, 1, 25, 39, 80, 78, 100, 27, 76, 47, 53, 98, 46, 3, 53, 47, 70, 34, 9, 122, 88, 34, 109, 25, 67, 29, 25, 10, 84, 92, 50, 50, 82, 85, 63, 74, 63, 57
25, 84, 47, 50, 1, 25, 3, 98, 47, 50, 1, 47, 124, 53, 84, 25, 47, 25, 50, 70, 48, 1, 98, 84, 25, 50, 47, 53, 21, 25, 47, 39, 1, 1, 84, 3, 25, 1, 47, 50, 53, 70, 50, 47, 98, 1, 25, 50, 3, 50, 41, 47, 47, 57, 53, 48, 1, 25, 53, 25, 47, 50, 50, 25, 1, 25, 29, 84, 84, 53, 1, 84, 47, 47, 124, 50, 53, 28, 98, 84, 25, 39, 3, 47, 1, 25, 50, 1, 25, 3, 1, 25, 47, 1, 1, 84, 29, 50, 50, 47, 47, 1, 18, 25, 47, 47, 25, 98, 84, 3, 70, 53, 53, 47, 121, 1, 47, 98, 25, 28, 47, 47, 53, 84, 48, 84, 48, 25
1, 50, 47, 84, 25, 47, 50, 70, 25, 1, 25, 47, 98, 84, 50, 47, 25, 47, 1, 53, 18, 25, 3, 50, 47, 1, 47, 84, 48, 47, 47, 57, 25, 25, 50, 50, 1, 25, 25, 1, 84, 53, 1, 25, 3, 25, 47, 1, 53, 1, 29, 47, 47, 98, 84, 70, 25, 47, 84, 1, 47, 1, 1, 47, 25, 47, 124, 50, 50, 84, 25, 50, 25, 47, 53, 1, 84, 98, 3, 50, 1, 57, 50, 47, 25, 47, 84, 25, 1, 53, 25, 47, 47, 25, 25, 50, 28, 1, 1, 47, 25, 25, 53, 47, 25, 47, 47, 3, 50, 50, 53, 84, 84, 47, 48, 25, 47, 3, 47, 98, 25, 25, 84, 50, 70, 50, 18, 1
28, 80, 25, 27, 98, 84, 24, 10, 50, 41, 29, 47, 46, 109, 74, 18, 53, 84, 21, 103, 40, 39, 34, 85, 1, 76, 50, 101, 119, 3, 47, 100, 48, 98, 80, 35, 124, 29, 50, 32, 82, 49, 21, 53, 89, 98, 3, 38, 122, 121, 67, 25, 25, 92, 34, 10, 29, 70, 71, 57, 47, 76, 2, 84, 48, 1, 63, 74, 80, 109, 48, 85, 50, 1, 46, 121, 82, 55, 34, 78, 124, 100, 9, 47, 39, 3, 27, 98, 28, 103, 98, 1, 25, 29, 39, 85, 63, 107, 99, 47, 53, 53, 88, 3, 53, 47, 70, 34, 43, 24, 49, 109, 77, 25, 112, 48, 25, 89, 84, 113, 50, 50, 94, 80, 40, 78, 63, 57
84, 53, 25, 124, 50, 1, 48, 76, 25, 3, 53, 47, 80, 21, 48, 1, 25, 1, 3, 29, 27, 53, 121, 98, 47, 70, 25, 57, 43, 1, 47, 77, 50, 50, 98, 48, 84, 53, 25, 18, 28, 39, 84, 25, 59, 50, 1, 3, 29, 3, 103, 47, 25, 78, 2, 107, 53, 1, 28, 84, 47, 70, 3, 1, 50, 47, 94, 48, 98, 21, 50, 98, 25, 47, 80, 3, 28, 85, 121, 98, 84, 109, 48, 47, 53, 1, 124, 50, 84, 29, 50, 47, 25, 53, 53, 98, 82, 18, 70, 47, 25, 50, 39, 1, 25, 47, 1, 2, 48, 29, 39, 21, 57, 47, 24, 50, 25, 20, 1, 78, 25, 25, 124, 98, 32, 98, 27, 84
25, 1, 47, 25, 47, 25, 1, 50, 47, 25, 47, 47, 84, 50, 1, 25, 47, 47, 25, 1, 53, 1, 50, 1, 47, 25, 47, 50, 3, 25, 47, 53, 47, 47, 1, 1, 25, 47, 47, 25, 25, 84, 25, 47, 50, 47, 25, 25, 1, 25, 70, 47, 47, 84, 50, 50, 47, 25, 25, 25, 47, 25, 25, 47, 47, 47, 53, 1, 1, 50, 47, 1, 47, 47, 84, 25, 25, 84, 50, 1, 25, 98, 1, 47, 1, 25, 25, 47, 25, 1, 47, 47, 47, 47, 1, 1, 53, 25, 25, 47, 47, 47, 84, 25, 47, 47, 25, 50, 1, 1, 84, 50, 50, 47, 3, 47, 47, 50, 47, 84, 47, 47, 25, 1, 50, 1, 53, 25
47, 25, 47, 1, 25, 47, 50, 84, 47, 1, 25, 47, 50, 1, 25, 47, 25, 47, 47, 50, 84, 25, 1, 25, 47, 1, 47, 1, 53, 47, 47, 3, 25, 25, 25, 25, 47, 25, 47, 1, 1, 50, 47, 25, 84, 25, 47, 1, 50, 1, 98, 47, 47, 53, 1, 84, 25, 47, 1, 47, 47, 1, 47, 47, 25, 47, 3, 25, 25, 1, 25, 25, 47, 47, 50, 47, 1, 50, 84, 25, 47, 3, 25, 47, 25, 47, 1, 25, 47, 50, 25, 47, 47, 25, 25, 25, 3, 1, 1, 47, 25, 25, 50, 47, 25, 47, 47, 1, 25, 50, 50, 1, 1, 47, 53, 25, 47, 84, 47, 50, 47, 47, 1, 25, 84, 25, 84, 47
50, 84, 47, 53, 1, 25, 18, 29, 1, 53, 84, 47, 2, 98, 70, 25, 1, 25, 50, 28, 39, 84, 48, 3, 25, 53, 47, 98, 76, 25, 47, 78, 1, 1, 3, 70, 50, 84, 47, 53, 98, 57, 50, 1, 29, 1, 25, 53, 124, 50, 94, 47, 47, 41, 48, 29, 84, 25, 98, 50, 47, 53, 50, 25, 1, 25, 80, 70, 84, 98, 1, 3, 47, 25, 21, 50, 98, 2, 48, 3, 50, 74, 18, 47, 84, 25, 53, 1, 50, 28, 1, 25, 47, 84, 84, 3, 85, 53, 53, 47, 1, 1, 57, 25, 1, 47, 25, 48, 70, 124, 28, 48, 98, 47, 27, 84, 47, 29, 25, 121, 47, 47, 98, 3, 39, 3, 39, 50
25, 1, 47, 25, 47, 25, 1, 50, 47, 25, 47, 47, 84, 50, 1, 25, 47, 47, 25, 84, 53, 1, 50, 1, 47, 25, 47, 50, 3, 25, 47, 53, 47, 47, 1, 1, 25, 1, 47, 25, 25, 84, 25, 47, 50, 47, 25, 25, 1, 25, 70, 47, 47, 3, 50, 50, 47, 25, 50, 25, 47, 25, 25, 47, 47, 47, 53, 1, 1, 50, 47, 1, 47, 47, 84, 25, 25, 84, 50, 1, 25, 98, 1, 47, 1, 25, 25, 47, 25, 1, 47, 47, 47, 47, 1, 1, 53, 25, 25, 47, 47, 47, 84, 25, 47, 47, 25, 50, 1, 1, 84, 50, 50, 47, 70, 47, 47, 50, 47, 84, 47, 47, 25, 1, 53, 1, 53, 25
82, 88, 50, 40, 78, 57, 30, 65, 48, 89, 9, 1, 110, 100, 92, 107, 39, 18, 109, 67, 22, 49, 73, 55, 84, 10, 53, 100, 12, 38, 47, 68, 43, 85, 46, 119, 27, 103, 98, 40, 63, 23, 77, 29, 65, 80, 2, 34, 112, 34, 33, 25, 50, 86, 100, 65, 24, 99, 63, 101, 1, 89, 109, 28, 74, 70, 108, 92, 88, 100, 43, 55, 98, 84, 54, 34, 63, 79, 73, 113, 32, 68, 61, 1, 103, 121, 40, 78, 94, 118, 80, 3, 53, 122, 49, 46, 108, 10, 89, 25, 29, 39, 23, 21, 48, 47, 41, 73, 8, 112, 75, 100, 100, 25, 36, 35, 50, 73, 124, 7, 98, 48, 63, 46, 22, 113, 22, 71
1, 25, 47, 1, 25, 47, 50, 3, 25, 1, 25, 47, 53, 84, 50, 47, 25, 47, 1, 53, 70, 25, 3, 50, 47, 1, 47, 84, 98, 47, 47, 28, 25, 25, 50, 50, 1, 25, 25, 1, 84, 53, 1, 25, 3, 25, 47, 1, 50, 1, 29, 47, 47, 98, 84, 70, 25, 47, 84, 1, 47, 1, 1, 47, 25, 47, 18, 50, 50, 84, 25, 50, 25, 47, 53, 1, 84, 98, 3, 50, 47, 57, 50, 47, 25, 47, 1, 25, 1, 53, 25, 47, 47, 25, 25, 50, 124, 1, 1, 47, 25, 25, 53, 47, 25, 47, 47, 84, 50, 50, 53, 84, 84, 47, 48, 25, 47, 3, 47, 98, 25, 25, 84, 50, 70, 50, 18, 1
93, 11, 76, 126, 22, 112, 26, 52, 100, 102, 68, 29, 120, 56, 97, 7, 73, 113, 111, 90, 31, 11, 125, 104, 103, 62, 89, 42, 72, 54, 47, 87, 108, 22, 69, 26, 58, 83, 63, 116, 16, 64, 33, 73, 5, 65, 75, 102, 51, 115, 66, 18, 77, 72, 56, 52, 83, 79, 42, 36, 85, 96, 111, 30, 108, 55, 106, 97, 69, 15, 68, 104, 40, 35, 64, 115, 16, 120, 125, 104, 86, 87, 26, 98, 11, 23, 126, 108, 117, 51, 65, 88, 34, 83, 11, 69, 106, 116, 96, 84, 73, 65, 64, 67, 100, 50, 110, 125, 97, 51, 90, 56, 15, 21, 13, 68, 94, 5, 8, 120, 10, 63, 126, 69, 52, 104, 31, 91
22, 33, 29, 69, 54, 63, 126, 90, 113, 83, 114, 28, 56, 97, 96, 73, 112, 89, 108, 42, 64, 36, 26, 102, 82, 83, 24, 104, 52, 100, 47, 72, 7, 23, 115, 116, 65, 93, 46, 11, 69, 15, 108, 119, 51, 67, 100, 68, 16, 68, 106, 53, 78, 5, 97, 90, 12, 73, 104, 22, 121, 83, 108, 40, 79, 34, 64, 62, 111, 97, 4, 115, 49, 107, 56, 68, 69, 125, 26, 102, 65, 72, 116, 3, 91, 100, 11, 110, 65, 16, 75, 109, 43, 117, 33, 115, 120, 11, 83, 50, 61, 118, 15, 63, 92, 1, 73, 26, 62, 126, 42, 97, 104, 48, 31, 127, 80, 51, 10, 5, 103, 55, 69, 111, 90, 96, 64, 22
1, 50, 47, 3, 25, 47, 98, 57, 25, 84, 50, 47, 48, 70, 53, 1, 25, 47, 84, 98, 2, 50, 124, 53, 47, 84, 25, 70, 39, 1, 47, 76, 50, 25, 53, 53, 1, 50, 25, 3, 3, 48, 1, 25, 28, 25, 1, 84, 98, 84, 78, 47, 25, 29, 18, 57, 50, 1, 3, 1, 47, 84, 84, 47, 25, 47, 121, 53, 50, 70, 50, 53, 25, 47, 48, 84, 3, 29, 28, 53, 1, 107, 98, 47, 50, 1, 3, 25, 1, 98, 25, 47, 25, 50, 50, 53, 38, 84, 84, 47, 25, 25, 48, 1, 25, 47, 1, 124, 53, 98, 98, 18, 70, 47, 85, 50, 47, 28, 47, 29, 25, 25, 3, 50, 21, 53, 2, 1
47, 47, 47, 47, 47, 47, 47, 47, 47, 47, 47, 47, 47, 47, 47, 47, 47, 47, 47, 47, 47, 47, 47, 47, 47, 47, 47, 47, 47, 47, 47, 47, 47, 47, 47, 47, 47, 47, 47, 47, 47, 47, 47, 47, 47, 47, 47, 47, 47, 47, 47, 47, 47, 47, 47, 47, 47, 47, 47, 47, 47, 47, 47, 47, 47, 47, 47, 47, 47, 47, 47, 47, 47, 47, 47, 47, 47, 47, 47, 47, 47, 47, 47, 47, 47, 47, 47, 47, 47, 47, 47, 47, 47, 47, 47, 47, 47, 47, 47, 47, 47, 47, 47, 47, 47, 47, 47, 47, 47, 47, 47, 47, 47, 47, 47, 47, 47, 47, 47, 47, 47, 47, 47, 47, 47, 47, 47, 47
47, 25, 47, 1, 25, 47, 25, 1, 47, 47, 25, 47, 50, 1, 25, 47, 47, 47, 47, 25, 1, 25, 1, 25, 47, 47, 47, 1, 50, 47, 47, 84, 25, 25, 25, 25, 47, 25, 47, 47, 1, 25, 47, 47, 1, 25, 47, 47, 25, 47, 53, 47, 47, 50, 1, 1, 25, 47, 1, 47, 47, 47, 47, 47, 25, 47, 84, 25, 25, 1, 25, 25, 47, 47, 50, 47, 1, 50, 1, 25, 47, 84, 25, 47, 25, 47, 1, 25, 47, 25, 25, 47, 47, 25, 25, 25, 84, 47, 47, 47, 47, 47, 25, 47, 47, 47, 47, 1, 25, 25, 25, 1, 1, 47, 50, 25, 47, 1, 47, 50, 47, 47, 1, 25, 1, 25, 84, 47
1, 50, 47, 84, 25, 47, 53, 124, 25, 84, 50, 47, 48, 3, 53, 1, 25, 47, 1, 98, 57, 50, 70, 50, 47, 84, 25, 3, 29, 1, 47, 121, 25, 25, 50, 53, 1, 50, 25, 84, 3, 98, 1, 25, 124, 25, 47, 84, 53, 1, 80, 47, 47, 29, 70, 28, 50, 1, 3, 1, 47, 84, 1, 47, 25, 47, 21, 53, 50, 3, 25, 50, 25, 47, 98, 1, 3, 48, 18, 50, 1, 41, 53, 47, 50, 1, 84, 25, 1, 98, 25, 47, 25, 50, 50, 50, 2, 84, 84, 47, 25, 25, 98, 47, 25, 47, 1, 70, 53, 53, 98, 70, 3, 47, 39, 25, 47, 18, 47, 48, 25, 25, 84, 50, 28, 53, 57, 1
47, 47, 47, 47, 47, 47, 25, 47, 47, 47, 47, 47, 25, 47, 25, 47, 47, 47, 47, 25, 47, 47, 47, 47, 47, 47, 47, 47, 25, 47, 47, 1, 47, 47, 47, 25, 47, 47, 47, 47, 47, 25, 47, 47, 47, 47, 47, 47, 25, 47, 25, 47, 47, 25, 47, 47, 47, 47, 47, 47, 47, 47, 47, 47, 47, 47, 47, 25, 47, 47, 47, 47, 47, 47, 25, 47, 47, 25, 47, 25, 47, 1, 25, 47, 47, 47, 47, 47, 47, 25, 47, 47, 47, 47, 47, 47, 1, 47, 47, 47, 47, 47, 25, 47, 47, 47, 47, 47, 25, 25, 25, 47, 47, 47, 25, 47, 47, 47, 47, 25, 47, 47, 47, 47, 47, 25, 47, 47
24, 10, 1, 119, 94, 29, 100, 4, 21, 46, 34, 25, 22, 75, 63, 78, 59, 48, 49, 73, 12, 89, 54, 63, 53, 113, 70, 118, 68, 80, 47, 33, 77, 27, 40, 100, 43, 89, 28, 92, 30, 65, 103, 121, 79, 107, 39, 46, 73, 88, 11, 1, 84, 108, 23, 86, 34, 78, 112, 122, 50, 55, 49, 29, 101, 98, 93, 100, 10, 67, 109, 63, 124, 53, 22, 88, 37, 22, 110, 63, 74, 111, 100, 25, 89, 80, 8, 82, 35, 73, 32, 98, 3, 34, 10, 40, 36, 92, 55, 47, 38, 76, 65, 39, 2, 25, 85, 23, 100, 73, 65, 75, 118, 1, 83, 109, 84, 79, 48, 108, 18, 57, 61, 40, 114, 63, 117, 24
89, 30, 53, 73, 49, 107, 7, 68, 85, 100, 55, 84, 33, 22, 23, 34, 43, 121, 63, 58, 11, 119, 108, 75, 124, 100, 48, 65, 96, 101, 47, 69, 46, 103, 118, 110, 89, 8, 39, 73, 65, 93, 40, 78, 68, 24, 94, 100, 86, 63, 126, 25, 98, 115, 108, 83, 113, 109, 65, 10, 3, 100, 63, 76, 88, 21, 11, 54, 112, 22, 46, 67, 29, 70, 36, 63, 65, 111, 108, 75, 34, 104, 79, 1, 8, 82, 73, 49, 89, 114, 122, 28, 98, 92, 61, 118, 69, 73, 100, 25, 74, 9, 91, 27, 85, 47, 77, 108, 110, 4, 117, 22, 22, 50, 116, 55, 53, 68, 41, 115, 29, 80, 73, 112, 83, 23, 11, 10
47, 25, 47, 47, 47, 47, 25, 1, 47, 47, 47, 47, 25, 47, 25, 47, 47, 47, 47, 25, 1, 25, 47, 25, 47, 47, 47, 47, 25, 47, 47, 1, 47, 47, 25, 25, 47, 25, 47, 47, 47, 25, 47, 47, 1, 47, 47, 47, 25, 47, 50, 47, 47, 25, 47, 1, 47, 47, 47, 47, 47, 47, 47, 47, 47, 47, 1, 25, 25, 47, 47, 25, 47, 47, 25, 47, 47, 25, 47, 25, 47, 1, 25, 47, 25, 47, 47, 47, 47, 25, 47, 47, 47, 25, 25, 25, 1, 47, 47, 47, 47, 47, 25, 47, 47, 47, 47, 47, 25, 25, 25, 47, 47, 47, 25, 47, 47, 1, 47, 25, 47, 47, 47, 25, 1, 25, 1, 47
3, 48, 25, 21, 53, 1, 80, 71, 50, 124, 98, 47, 35, 76, 29, 84, 50, 1, 70, 85, 109, 98, 32, 29, 47, 57, 25, 38, 49, 84, 47, 89, 53, 53, 48, 39, 3, 98, 25, 57, 2, 78, 70, 50, 82, 50, 1, 124, 80, 124, 55, 47, 25, 122, 107, 101, 98, 84, 121, 3, 47, 28, 18, 1, 53, 1, 34, 29, 48, 99, 53, 48, 25, 47, 43, 18, 121, 9, 27, 29, 84, 10, 39, 47, 98, 84, 21, 53, 3, 85, 50, 1, 25, 98, 98, 48, 34, 57, 28, 47, 50, 50, 74, 1, 50, 47, 84, 107, 39, 80, 78, 76, 59, 25, 46, 53, 25, 94, 1, 24, 25, 25, 2, 48, 77, 29, 109, 3
1, 50, 47, 3, 25, 1, 98, 21, 25, 84, 50, 47, 29, 124, 53, 1, 25, 47, 84, 48, 121, 50, 28, 53, 47, 3, 25, 70, 80, 1, 47, 107, 50, 25, 53, 98, 1, 50, 25, 3, 3, 48, 84, 25, 57, 25, 1, 84, 98, 84, 78, 47, 25, 39, 124, 21, 50, 1, 70, 1, 47, 84, 84, 47, 50, 47, 20, 53, 53, 18, 50, 53, 25, 47, 29, 84, 70, 29, 28, 53, 1, 32, 98, 47, 50, 1, 3, 50, 1, 98, 25, 47, 25, 50, 50, 53, 99, 3, 84, 47, 25, 25, 48, 1, 25, 47, 1, 28, 98, 98, 48, 124, 18, 47, 85, 50, 47, 57, 47, 39, 25, 25, 3, 53, 2, 53, 121, 1
109, 55, 50, 100, 43, 2, 67, 22, 29, 10, 103, 1, 86, 73, 30, 94, 80, 28, 34, 54, 108, 46, 65, 8, 3, 63, 98, 73, 33, 107, 47, 83, 24, 74, 113, 118, 71, 88, 48, 63, 100, 79, 34, 39, 22, 85, 20, 10, 23, 10, 102, 25, 53, 93, 73, 22, 49, 27, 100, 34, 84, 40, 89, 21, 9, 124, 68, 37, 55, 73, 122, 92, 48, 84, 4, 89, 100, 114, 65, 119, 82, 11, 118, 1, 46, 99, 63, 35, 101, 23, 78, 70, 53, 49, 55, 92, 68, 63, 40, 25, 80, 85, 7, 121, 29, 47, 32, 65, 112, 75, 110, 73, 73, 25, 111, 103, 50, 65, 57, 12, 98, 48, 100, 113, 108, 61, 108, 109
25, 47, 47, 25, 47, 47, 1, 50, 47, 25, 47, 47, 1, 25, 1, 25, 47, 47, 25, 1, 50, 47, 25, 1, 47, 25, 47, 25, 84, 25, 47, 53, 47, 47, 47, 1, 25, 47, 47, 25, 25, 1, 25, 47, 50, 47, 47, 25, 1, 25, 3, 47, 47, 84, 25, 50, 47, 25, 25, 25, 47, 25, 25, 47, 47, 47, 50, 1, 47, 25, 47, 1, 47, 47, 1, 25, 25, 1, 50, 1, 25, 53, 1, 47, 47, 47, 25, 47, 25, 1, 47, 47, 47, 47, 47, 47, 50, 25, 25, 47, 47, 47, 1, 47, 47, 47, 25, 25, 1, 1, 1, 25, 25, 47, 84, 47, 47, 50, 47, 84, 47, 47, 25, 47, 50, 1, 50, 25
18, 29, 25, 76, 98, 84, 74, 34, 50, 2, 48, 47, 49, 82, 85, 3, 53, 1, 28, 9, 10, 29, 77, 80, 1, 38, 25, 27, 113, 3, 47, 63, 98, 53, 39, 78, 70, 48, 50, 59, 107, 122, 28, 50, 34, 53, 84, 21, 43, 21, 30, 25, 25, 46, 101, 89, 48, 3, 27, 124, 47, 121, 57, 84, 98, 1, 10, 85, 29, 82, 98, 39, 50, 1, 103, 57, 32, 88, 109, 80, 70, 63, 78, 47, 29, 84, 99, 98, 18, 35, 53, 1, 25, 48, 29, 39, 40, 20, 2, 47, 53, 53, 103, 84, 50, 47, 3, 101, 78, 43, 24, 71, 94, 25, 8, 48, 25, 34, 1, 46, 25, 50, 107, 39, 89, 80, 10, 124
25, 1, 47, 25, 47, 25, 1, 50, 47, 25, 47, 47, 84, 50, 1, 25, 47, 47, 25, 84, 53, 1, 50, 1, 47, 25, 47, 50, 3, 25, 47, 98, 47, 47, 1, 1, 25, 1, 47, 25, 25, 84, 25, 47, 50, 47, 25, 25, 1, 25, 70, 47, 47, 3, 50, 50, 47, 25, 50, 25, 47, 25, 25, 25, 47, 47, 53, 1, 1, 50, 47, 1, 47, 47, 84, 25, 25, 84, 50, 1, 25, 98, 1, 47, 1, 25, 25, 47, 25, 1, 47, 47, 47, 47, 1, 1, 53, 25, 25, 47, 47, 47, 84, 25, 47, 47, 25, 50, 1, 1, 84, 50, 50, 47, 70, 47, 47, 50, 47, 84, 47, 47, 25, 1, 53, 1, 53, 25
73, 58, 48, 83, 112, 89, 102, 97, 49, 108, 54, 70, 16, 69, 111, 100, 113, 109, 65, 62, 51, 86, 104, 36, 76, 68, 78, 11, 125, 63, 47, 64, 75, 37, 93, 115, 100, 7, 122, 68, 83, 126, 65, 46, 97, 8, 10, 22, 96, 22, 52, 53, 39, 15, 69, 26, 110, 63, 11, 65, 57, 108, 22, 34, 67, 71, 51, 111, 12, 69, 23, 91, 9, 121, 16, 22, 83, 42, 104, 33, 100, 64, 102, 84, 4, 40, 68, 118, 73, 62, 61, 27, 85, 79, 95, 6, 90, 68, 108, 25, 55, 92, 126, 10, 88, 1, 63, 104, 115, 96, 116, 69, 11, 98, 5, 54, 29, 97, 34, 15, 43, 103, 83, 117, 26, 33, 51, 73
84, 53, 25, 18, 50, 1, 48, 59, 25, 3, 50, 47, 80, 57, 98, 1, 25, 1, 84, 29, 107, 53, 2, 98, 47, 70, 25, 28, 74, 1, 47, 71, 50, 50, 98, 48, 84, 53, 25, 70, 124, 39, 84, 25, 38, 50, 1, 3, 29, 3, 122, 47, 25, 78, 21, 76, 53, 1, 28, 84, 47, 3, 3, 1, 50, 47, 27, 98, 53, 57, 50, 98, 25, 47, 39, 3, 124, 80, 2, 98, 1, 77, 48, 47, 53, 1, 18, 50, 84, 29, 50, 47, 25, 53, 53, 98, 94, 70, 3, 47, 25, 50, 39, 1, 25, 47, 1, 21, 48, 48, 29, 21, 57, 47, 9, 50, 25, 121, 1, 85, 25, 25, 124, 53, 107, 98, 32, 84
99, 9, 25, 34, 39, 18, 55, 100, 98, 101, 85, 1, 118, 40, 49, 2, 48, 3, 27, 8, 73, 43, 63, 103, 84, 109, 50, 10, 110, 57, 47, 22, 80, 29, 122, 46, 38, 74, 53, 34, 89, 61, 32, 98, 100, 29, 124, 71, 113, 82, 95, 25, 50, 23, 63, 100, 78, 21, 10, 107, 1, 109, 94, 70, 39, 84, 73, 88, 9, 40, 80, 103, 53, 1, 112, 94, 89, 67, 63, 103, 121, 22, 46, 47, 74, 28, 34, 39, 20, 92, 29, 84, 50, 78, 35, 122, 65, 109, 77, 47, 48, 48, 30, 124, 98, 47, 57, 63, 88, 55, 119, 63, 10, 25, 7, 85, 50, 100, 3, 75, 53, 53, 89, 24, 73, 49, 73, 76
50, 3, 47, 98, 1, 25, 124, 39, 1, 53, 84, 47, 121, 48, 70, 50, 1, 25, 50, 57, 80, 84, 48, 3, 25, 53, 47, 98, 32, 25, 47, 74, 84, 1, 3, 18, 50, 84, 47, 53, 98, 21, 50, 1, 29, 1, 25, 53, 28, 53, 71, 47, 47, 76, 48, 39, 84, 25, 98, 50, 47, 53, 50, 25, 1, 25, 85, 70, 3, 48, 84, 3, 47, 25, 2, 53, 98, 38, 29, 70, 50, 43, 124, 47, 84, 25, 98, 1, 50, 28, 1, 25, 47, 84, 84, 3, 85, 53, 53, 47, 1, 1, 21, 25, 1, 47, 25, 48, 18, 28, 57, 48, 48, 47, 94, 84, 47, 29, 25, 59, 47, 1, 98, 3, 39, 70, 80, 50
49, 63, 84, 67, 109, 80, 65, 6, 20, 8, 10, 50, 68, 79, 73, 24, 27, 29, 55, 22, 33, 63, 86, 100, 98, 30, 124, 54, 11, 74, 47, 96, 34, 109, 100, 73, 103, 40, 2, 118, 75, 108, 46, 107, 117, 71, 78, 8, 65, 92, 104, 1, 70, 83, 7, 36, 10, 35, 23, 46, 53, 61, 113, 39, 34, 48, 111, 73, 63, 110, 89, 100, 57, 53, 108, 113, 23, 68, 114, 100, 122, 62, 65, 25, 40, 78, 118, 34, 49, 22, 101, 48, 18, 10, 63, 100, 115, 112, 119, 47, 32, 94, 108, 85, 76, 25, 43, 4, 73, 65, 22, 7, 110, 1, 69, 89, 3, 12, 39, 83, 28, 121, 67, 100, 33, 73, 111, 88
53, 28, 47, 29, 3, 50, 99, 9, 1, 48, 70, 25, 101, 85, 2, 53, 84, 25, 98, 27, 122, 124, 78, 21, 25, 48, 1, 80, 89, 50, 47, 46, 3, 84, 57, 20, 53, 18, 1, 29, 39, 94, 98, 1, 43, 84, 50, 48, 107, 48, 40, 47, 47, 34, 78, 24, 70, 50, 39, 98, 25, 48, 98, 50, 3, 25, 49, 121, 28, 85, 3, 21, 1, 25, 71, 98, 39, 109, 74, 21, 53, 55, 59, 47, 124, 50, 29, 3, 53, 32, 84, 25, 1, 18, 28, 57, 88, 29, 48, 47, 84, 84, 82, 50, 1, 47, 50, 78, 38, 76, 27, 85, 80, 47, 10, 70, 47, 43, 25, 109, 1, 1, 39, 57, 122, 2, 103, 53
118, 22, 124, 36, 100, 49, 11, 126, 34, 4, 73, 98, 97, 102, 68, 119, 10, 35, 54, 69, 42, 65, 96, 108, 80, 58, 107, 111, 51, 55, 47, 125, 100, 63, 108, 83, 37, 65, 101, 93, 33, 69, 23, 89, 116, 63, 46, 7, 11, 79, 64, 84, 2, 26, 96, 16, 73, 92, 111, 75, 48, 114, 110, 103, 100, 74, 15, 68, 22, 115, 73, 108, 82, 29, 104, 79, 33, 97, 62, 68, 61, 125, 83, 50, 65, 55, 6, 100, 118, 11, 63, 85, 59, 65, 22, 108, 56, 117, 86, 1, 10, 40, 104, 88, 34, 25, 113, 96, 83, 11, 69, 102, 115, 3, 90, 73, 57, 116, 24, 26, 27, 109, 36, 22, 16, 68, 42, 67
84, 98, 25, 28, 50, 1, 29, 32, 25, 70, 53, 47, 78, 121, 48, 84, 50, 1, 3, 80, 82, 98, 99, 48, 47, 124, 25, 21, 24, 1, 47, 34, 53, 50, 98, 29, 84, 53, 25, 28, 57, 80, 3, 50, 107, 50, 1, 70, 39, 70, 88, 47, 25, 35, 38, 27, 53, 84, 21, 3, 47, 18, 3, 1, 53, 1, 101, 48, 98, 2, 53, 48, 25, 47, 85, 70, 57, 74, 76, 48, 84, 34, 29, 47, 98, 1, 28, 50, 84, 39, 50, 47, 25, 53, 98, 98, 109, 124, 18, 47, 50, 50, 85, 1, 25, 47, 84, 41, 29, 39, 80, 38, 2, 47, 103, 53, 25, 107, 1, 43, 25, 25, 57, 98, 94, 48, 71, 3
48, 41, 47, 78, 124, 53, 77, 46, 84, 80, 57, 25, 10, 122, 94, 98, 3, 50, 29, 34, 113, 121, 49, 32, 25, 85, 1, 9, 63, 53, 47, 37, 28, 18, 76, 71, 98, 2, 84, 78, 74, 89, 29, 3, 46, 70, 53, 39, 109, 39, 73, 47, 1, 63, 103, 55, 21, 98, 35, 48, 25, 80, 29, 50, 28, 50, 8, 94, 99, 24, 57, 107, 84, 25, 89, 39, 43, 10, 49, 32, 98, 118, 101, 25, 121, 53, 78, 124, 48, 34, 70, 50, 1, 2, 38, 107, 119, 85, 80, 47, 3, 3, 89, 53, 84, 47, 98, 103, 82, 109, 34, 122, 24, 47, 100, 57, 1, 88, 50, 40, 1, 84, 74, 76, 113, 27, 92, 48
80, 71, 1, 103, 2, 98, 10, 37, 70, 35, 107, 25, 100, 55, 34, 29, 28, 53, 78, 63, 67, 94, 92, 109, 50, 24, 84, 46, 65, 48, 47, 79, 41, 21, 77, 89, 39, 27, 3, 122, 49, 63, 85, 18, 30, 57, 98, 43, 40, 74, 22, 47, 1, 73, 113, 118, 107, 29, 88, 80, 25, 9, 78, 98, 38, 53, 23, 89, 101, 55, 99, 109, 3, 50, 100, 74, 88, 100, 8, 34, 29, 7, 89, 25, 94, 48, 103, 121, 39, 40, 57, 50, 84, 32, 82, 109, 54, 122, 35, 47, 124, 28, 100, 98, 70, 47, 48, 92, 89, 10, 63, 113, 46, 1, 65, 76, 1, 119, 53, 73, 84, 3, 49, 101, 118, 34, 75, 80
25, 47, 47, 25, 47, 47, 47, 25, 47, 25, 47, 47, 1, 25, 47, 47, 47, 47, 25, 1, 25, 47, 25, 47, 47, 25, 47, 25, 1, 47, 47, 50, 47, 47, 47, 47, 47, 47, 47, 25, 25, 1, 25, 47, 25, 47, 47, 25, 1, 25, 84, 47, 47, 1, 25, 25, 47, 47, 25, 25, 47, 25, 25, 47, 47, 47, 50, 47, 47, 25, 47, 47, 47, 47, 1, 25, 25, 1, 25, 47, 47, 50, 47, 47, 47, 47, 25, 47, 25, 1, 47, 47, 47, 47, 47, 47, 50, 25, 25, 47, 47, 47, 1, 47, 47, 47, 47, 25, 47, 1, 1, 25, 25, 47, 1, 47, 47, 25, 47, 1, 47, 47, 25, 47, 25, 47, 25, 25
25, 1, 47, 50, 1, 25, 84, 53, 47, 50, 1, 47, 70, 53, 84, 25, 47, 25, 25, 3, 98, 1, 53, 1, 47, 50, 47, 50, 124, 25, 47, 48, 1, 47, 1, 84, 25, 1, 47, 50, 50, 3, 25, 47, 53, 47, 25, 25, 84, 25, 21, 47, 47, 18, 53, 98, 1, 25, 50, 25, 47, 50, 25, 25, 1, 25, 98, 84, 1, 50, 1, 1, 47, 47, 3, 25, 50, 70, 53, 1, 25, 48, 84, 47, 1, 25, 50, 1, 25, 84, 47, 47, 47, 1, 1, 1, 48, 50, 50, 47, 47, 47, 3, 25, 47, 47, 25, 53, 84, 84, 3, 53, 50, 47, 57, 1, 47, 53, 25, 70, 47, 47, 50, 1, 98, 84, 98, 25
113, 73, 3, 79, 10, 74, 108, 115, 27, 67, 63, 50, 11, 93, 65, 88, 109, 80, 61, 68, 96, 100, 33, 65, 48, 23, 21, 114, 104, 103, 47, 126, 40, 89, 73, 22, 55, 100, 76, 110, 7, 83, 119, 71, 111, 34, 9, 118, 108, 118, 26, 1, 124, 69, 91, 102, 63, 49, 127, 8, 53, 23, 37, 78, 40, 39, 62, 22, 73, 117, 63, 65, 41, 98, 83, 112, 4, 11, 33, 65, 46, 16, 108, 50, 100, 122, 110, 10, 55, 68, 89, 29, 57, 100, 73, 73, 116, 54, 75, 47, 77, 34, 83, 35, 82, 25, 103, 36, 22, 108, 68, 6, 12, 84, 97, 63, 70, 111, 85, 69, 121, 32, 7, 73, 96, 65, 62, 92
53, 18, 47, 48, 84, 25, 121, 78, 1, 98, 3, 25, 94, 39, 57, 50, 1, 25, 53, 99, 35, 70, 80, 28, 25, 48, 1, 29, 109, 50, 47, 49, 3, 84, 124, 2, 53, 70, 1, 48, 29, 107, 53, 1, 78, 84, 50, 98, 38, 98, 89, 47, 47, 101, 80, 74, 3, 50, 29, 53, 25, 98, 98, 25, 84, 25, 24, 21, 124, 39, 3, 28, 1, 25, 27, 98, 29, 82, 85, 28, 50, 88, 2, 47, 70, 50, 48, 84, 53, 59, 84, 25, 47, 3, 18, 28, 122, 48, 98, 47, 1, 84, 32, 50, 1, 47, 50, 80, 21, 121, 76, 39, 39, 47, 34, 3, 47, 85, 25, 71, 1, 1, 29, 124, 43, 57, 9, 53
1, 25, 47, 1, 25, 47, 50, 3, 25, 1, 25, 47, 53, 84, 50, 47, 25, 47, 1, 53, 70, 25, 84, 50, 47, 1, 47, 84, 98, 47, 47, 28, 25, 25, 50, 50, 47, 25, 25, 1, 84, 53, 1, 25, 3, 25, 47, 1, 50, 1, 48, 47, 47, 98, 84, 3, 25, 47, 84, 1, 47, 1, 1, 47, 25, 47, 18, 50, 25, 84, 25, 50, 25, 47, 53, 1, 84, 53, 3, 50, 47, 28, 50, 47, 25, 47, 1, 25, 1, 50, 25, 47, 47, 25, 25, 50, 124, 1, 1, 47, 25, 25, 53, 47, 25, 47, 47, 84, 50, 50, 53, 84, 84, 47, 48, 25, 47, 3, 47, 98, 47, 25, 1, 25, 70, 50, 70, 1
3, 98, 25, 57, 50, 1, 39, 27, 25, 18, 53, 47, 74, 38, 48, 84, 50, 1, 3, 80, 71, 98, 76, 48, 47, 124, 25, 2, 122, 84, 47, 34, 53, 50, 48, 29, 84, 98, 25, 28, 21, 85, 3, 50, 32, 50, 1, 18, 39, 70, 88, 47, 25, 9, 59, 94, 53, 84, 2, 3, 47, 124, 70, 1, 53, 1, 77, 29, 98, 121, 53, 48, 25, 47, 78, 70, 21, 43, 107, 48, 84, 89, 29, 47, 98, 1, 57, 53, 84, 80, 50, 1, 25, 53, 98, 48, 109, 28, 124, 47, 50, 50, 85, 1, 25, 47, 84, 99, 29, 39, 85, 41, 121, 25, 49, 53, 25, 32, 1, 35, 25, 25, 57, 98, 82, 48, 101, 3
25, 1, 47, 25, 47, 25, 1, 53, 47, 25, 47, 47, 84, 50, 1, 25, 47, 47, 25, 84, 53, 1, 50, 1, 47, 25, 47, 50, 3, 25, 47, 98, 47, 47, 1, 1, 25, 1, 47, 25, 50, 84, 25, 47, 50, 47, 25, 25, 84, 25, 18, 47, 47, 3, 50, 53, 1, 25, 50, 25, 47, 25, 25, 25, 47, 47, 53, 1, 1, 50, 47, 1, 47, 47, 84, 25, 50, 84, 50, 1, 25, 98, 1, 47, 1, 25, 25, 47, 25, 84, 47, 47, 47, 1, 1, 1, 53, 25, 25, 47, 47, 47, 84, 25, 47, 47, 25, 50, 1, 1, 84, 50, 50, 47, 70, 47, 47, 50, 47, 3, 47, 47, 25, 1, 53, 1, 53, 25
25, 1, 47, 50, 1, 25, 84, 98, 47, 50, 1, 47, 70, 53, 84, 25, 47, 25, 25, 3, 98, 1, 53, 84, 47, 50, 47, 50, 28, 25, 47, 29, 1, 1, 1, 84, 25, 1, 47, 50, 50, 3, 25, 47, 98, 47, 25, 50, 3, 50, 2, 47, 47, 124, 53, 98, 1, 25, 50, 25, 47, 50, 25, 25, 1, 25, 48, 84, 1, 53, 1, 84, 47, 47, 70, 25, 50, 18, 53, 84, 25, 29, 84, 47, 1, 25, 50, 1, 25, 3, 47, 25, 47, 1, 1, 1, 48, 50, 50, 47, 47, 47, 70, 25, 47, 47, 25, 53, 84, 84, 3, 53, 53, 47, 21, 1, 47, 53, 25, 124, 47, 47, 50, 1, 98, 84, 98, 25
47, 25, 47, 1, 25, 47, 50, 3, 25, 1, 25, 47, 53, 84, 50, 47, 25, 47, 1, 50, 3, 25, 84, 50, 47, 1, 47, 84, 98, 47, 47, 124, 25, 25, 25, 50, 47, 25, 25, 1, 1, 53, 1, 25, 3, 25, 47, 1, 50, 1, 48, 47, 47, 98, 84, 3, 25, 47, 84, 1, 47, 1, 1, 47, 25, 47, 70, 50, 25, 84, 25, 25, 47, 47, 53, 1, 1, 53, 84, 50, 47, 28, 50, 47, 25, 47, 1, 25, 47, 50, 25, 47, 47, 25, 25, 25, 70, 1, 1, 47, 25, 25, 53, 47, 25, 47, 47, 84, 50, 50, 50, 84, 84, 47, 98, 25, 47, 84, 47, 53, 47, 25, 1, 25, 3, 50, 70, 1
70, 48, 25, 121, 53, 1, 85, 77, 50, 28, 98, 47, 24, 32, 39, 3, 50, 1, 18, 74, 34, 48, 94, 29, 1, 21, 25, 76, 88, 84, 47, 10, 53, 53, 29, 80, 3, 98, 25, 2, 38, 43, 18, 50, 101, 53, 84, 28, 78, 28, 113, 47, 25, 49, 27, 109, 98, 84, 99, 70, 47, 57, 124, 1, 53, 1, 89, 39, 48, 107, 98, 29, 25, 47, 9, 124, 41, 122, 82, 29, 3, 40, 80, 47, 48, 84, 2, 53, 3, 78, 53, 1, 25, 98, 48, 29, 89, 21, 57, 47, 50, 50, 35, 84, 50, 47, 84, 94, 80, 85, 74, 32, 107, 25, 55, 98, 25, 71, 1, 103, 25, 50, 121, 48, 34, 39, 34, 70
47, 25, 47, 1, 25, 47, 50, 84, 25, 1, 25, 47, 50, 1, 25, 47, 25, 47, 1, 50, 3, 25, 84, 25, 47, 1, 47, 1, 53, 47, 47, 70, 25, 25, 25, 50, 47, 25, 47, 1, 1, 50, 47, 25, 84, 25, 47, 1, 50, 1, 98, 47, 47, 53, 84, 84, 25, 47, 1, 47, 47, 1, 1, 47, 25, 47, 3, 25, 25, 1, 25, 25, 47, 47, 50, 1, 1, 53, 84, 25, 47, 70, 50, 47, 25, 47, 1, 25, 47, 50, 25, 47, 47, 25, 25, 25, 3, 1, 1, 47, 25, 25, 50, 47, 25, 47, 47, 84, 50, 50, 50, 1, 1, 47, 98, 25, 47, 84, 47, 53, 47, 47, 1, 25, 84, 25, 3, 47
68, 62, 78, 26, 117, 73, 56, 120, 118, 69, 111, 38, 31, 90, 42, 108, 110, 63, 11, 5, 72, 96, 64, 126, 34, 104, 46, 51, 87, 65, 47, 66, 33, 58, 116, 15, 68, 102, 61, 97, 26, 52, 83, 23, 120, 4, 65, 69, 125, 69, 60, 48, 122, 106, 90, 72, 115, 22, 51, 83, 27, 104, 11, 100, 36, 40, 13, 42, 62, 90, 33, 126, 8, 109, 52, 11, 26, 31, 64, 16, 108, 66, 56, 28, 96, 65, 97, 93, 68, 125, 127, 10, 88, 102, 62, 126, 13, 97, 104, 50, 54, 79, 52, 73, 75, 84, 22, 64, 15, 125, 5, 90, 51, 39, 123, 111, 35, 120, 100, 106, 113, 112, 26, 116, 72, 16, 13, 83
25, 1, 47, 50, 47, 25, 84, 53, 47, 25, 1, 47, 3, 50, 84, 25, 47, 25, 25, 84, 98, 1, 53, 1, 47, 50, 47, 50, 124, 25, 47, 48, 1, 47, 1, 84, 25, 1, 47, 50, 50, 3, 25, 47, 53, 47, 25, 25, 84, 25, 57, 47, 47, 18, 53, 98, 1, 25, 50, 25, 47, 50, 25, 25, 1, 25, 98, 84, 1, 50, 1, 1, 47, 47, 3, 25, 50, 70, 53, 1, 25, 48, 84, 47, 1, 25, 50, 1, 25, 84, 47, 47, 47, 1, 1, 1, 98, 50, 50, 47, 47, 47, 3, 25, 47, 47, 25, 53, 84, 84, 3, 53, 50, 47, 28, 1, 47, 53, 25, 70, 47, 47, 50, 1, 98, 1, 98, 25
29, 107, 1, 35, 28, 53, 34, 113, 3, 85, 2, 25, 40, 49, 71, 48, 70, 50, 39, 89, 119, 76, 46, 94, 50, 78, 1, 122, 100, 98, 47, 67, 21, 124, 27, 109, 48, 20, 84, 74, 9, 10, 39, 3, 55, 18, 53, 85, 34, 80, 73, 47, 1, 100, 88, 92, 121, 98, 122, 29, 25, 78, 39, 53, 57, 50, 30, 101, 107, 103, 21, 94, 84, 25, 40, 80, 24, 63, 46, 82, 48, 75, 109, 25, 99, 98, 43, 28, 48, 89, 124, 50, 1, 38, 76, 27, 112, 74, 85, 47, 3, 70, 10, 53, 3, 47, 98, 88, 77, 34, 89, 49, 103, 47, 73, 2, 1, 55, 50, 63, 84, 84, 35, 32, 8, 71, 61, 29
47, 47, 47, 25, 47, 47, 47, 25, 47, 47, 47, 47, 47, 25, 47, 47, 47, 47, 47, 47, 25, 47, 25, 47, 47, 25, 47, 25, 1, 47, 47, 25, 47, 47, 47, 47, 47, 47, 47, 25, 25, 47, 47, 47, 25, 47, 47, 47, 47, 47, 1, 47, 47, 1, 25, 25, 47, 47, 25, 47, 47, 25, 47, 47, 47, 47, 25, 47, 47, 25, 47, 47, 47, 47, 47, 47, 25, 47, 25, 47, 47, 25, 47, 47, 47, 47, 25, 47, 47, 47, 47, 47, 47, 47, 47, 47, 25, 25, 25, 47, 47, 47, 47, 47, 47, 47, 47, 25, 47, 47, 47, 25, 25, 47, 1, 47, 47, 25, 47, 1, 47, 47, 25, 47, 25, 47, 25, 47
47, 25, 47, 1, 25, 47, 50, 84, 25, 1, 25, 47, 53, 84, 50, 47, 25, 47, 1, 50, 3, 25, 84, 25, 47, 1, 47, 1, 98, 47, 47, 18, 25, 25, 25, 50, 47, 25, 47, 1, 1, 50, 1, 25, 84, 25, 47, 1, 50, 1, 98, 47, 47, 53, 84, 3, 25, 47, 1, 1, 47, 1, 1, 47, 25, 47, 3, 50, 25, 84, 25, 25, 47, 47, 53, 1, 1, 53, 84, 25, 47, 124, 50, 47, 25, 47, 1, 25, 47, 50, 25, 47, 47, 25, 25, 25, 70, 1, 1, 47, 25, 25, 50, 47, 25, 47, 47, 84, 50, 50, 50, 84, 1, 47, 98, 25, 47, 84, 47, 53, 47, 25, 1, 25, 3, 50, 3, 47
70, 29, 25, 59, 53, 84, 78, 34, 50, 21, 98, 47, 103, 94, 80, 3, 53, 1, 28, 35, 89, 48, 101, 39, 1, 2, 25, 32, 55, 84, 47, 40, 98, 53, 29, 85, 70, 48, 50, 38, 76, 24, 124, 50, 109, 53, 84, 57, 74, 57, 119, 47, 25, 46, 82, 34, 48, 3, 107, 124, 47, 2, 28, 84, 98, 1, 10, 80, 29, 94, 98, 39, 50, 1, 122, 57, 107, 49, 77, 39, 3, 63, 78, 47, 48, 84, 20, 98, 70, 43, 53, 1, 25, 48, 29, 39, 10, 121, 21, 47, 50, 53, 122, 84, 50, 47, 3, 71, 85, 74, 9, 82, 27, 25, 92, 98, 25, 109, 1, 88, 25, 50, 99, 29, 89, 80, 89, 18
100, 110, 98, 108, 92, 109, 33, 69, 9, 65, 118, 3, 62, 83, 12, 40, 88, 27, 73, 115, 104, 54, 11, 86, 2, 22, 80, 68, 42, 89, 47, 51, 61, 113, 7, 91, 63, 75, 74, 22, 108, 102, 100, 103, 69, 46, 34, 65, 111, 73, 56, 50, 29, 126, 83, 104, 67, 10, 68, 100, 18, 65, 73, 101, 119, 107, 97, 117, 110, 83, 37, 4, 78, 57, 96, 73, 68, 116, 11, 95, 63, 51, 36, 84, 23, 89, 22, 8, 63, 111, 55, 59, 39, 67, 54, 7, 26, 22, 65, 25, 49, 46, 96, 34, 122, 1, 10, 11, 93, 33, 102, 83, 68, 53, 15, 112, 48, 69, 82, 126, 85, 35, 108, 79, 104, 58, 97, 100
1, 50, 47, 3, 25, 47, 53, 28, 25, 84, 50, 47, 48, 70, 53, 1, 25, 47, 1, 98, 21, 50, 18, 53, 47, 84, 25, 3, 39, 1, 47, 41, 25, 25, 50, 53, 1, 50, 25, 84, 3, 98, 1, 25, 28, 25, 1, 84, 98, 84, 85, 47, 25, 29, 70, 57, 50, 1, 3, 1, 47, 84, 1, 47, 25, 47, 2, 53, 50, 70, 50, 50, 25, 47, 48, 84, 3, 48, 124, 53, 1, 76, 53, 47, 50, 1, 84, 25, 1, 98, 25, 47, 25, 50, 50, 50, 121, 84, 84, 47, 25, 25, 48, 47, 25, 47, 1, 18, 53, 98, 98, 70, 3, 47, 80, 50, 47, 124, 47, 29, 25, 25, 3, 50, 57, 53, 21, 1
25, 84, 47, 53, 1, 25, 3, 48, 47, 50, 1, 47, 28, 98, 3, 25, 1, 25, 50, 18, 29, 84, 98, 84, 25, 50, 47, 53, 121, 25, 47, 80, 1, 1, 84, 3, 25, 1, 47, 53, 53, 124, 50, 47, 48, 1, 25, 50, 70, 50, 107, 47, 47, 21, 98, 48, 1, 25, 53, 50, 47, 50, 50, 25, 1, 25, 29, 3, 84, 98, 1, 84, 47, 47, 28, 50, 53, 57, 98, 84, 25, 80, 3, 47, 84, 25, 53, 1, 25, 70, 1, 25, 47, 1, 84, 84, 39, 53, 50, 47, 1, 1, 124, 25, 47, 47, 25, 98, 3, 70, 18, 98, 53, 47, 99, 1, 47, 48, 25, 21, 47, 47, 53, 84, 29, 3, 29, 50
122, 40, 84, 112, 101, 39, 73, 58, 2, 113, 34, 50, 108, 54, 100, 43, 107, 48, 88, 65, 91, 10, 79, 100, 53, 8, 18, 75, 83, 78, 47, 115, 109, 71, 63, 73, 24, 10, 57, 61, 118, 22, 88, 59, 127, 27, 80, 55, 65, 55, 69, 1, 3, 68, 110, 117, 89, 74, 67, 49, 50, 92, 46, 29, 109, 48, 33, 100, 63, 23, 34, 63, 28, 53, 22, 46, 118, 108, 7, 100, 35, 102, 73, 25, 10, 85, 30, 77, 122, 65, 94, 98, 70, 89, 40, 63, 111, 119, 92, 47, 76, 32, 22, 80, 38, 25, 78, 110, 100, 73, 65, 54, 23, 1, 11, 34, 84, 4, 29, 68, 124, 21, 112, 63, 93, 100, 36, 103
28, 39, 25, 27, 98, 84, 9, 10, 50, 20, 29, 47, 46, 109, 78, 70, 53, 84, 21, 103, 40, 39, 34, 85, 1, 76, 50, 71, 119, 3, 47, 100, 48, 98, 80, 43, 124, 29, 50, 32, 94, 49, 21, 53, 89, 98, 3, 38, 122, 121, 118, 25, 25, 92, 109, 10, 29, 70, 71, 57, 47, 99, 2, 84, 48, 1, 63, 74, 80, 77, 48, 85, 50, 1, 88, 2, 82, 55, 34, 78, 18, 100, 35, 47, 39, 3, 32, 98, 28, 122, 98, 1, 25, 29, 39, 85, 63, 107, 59, 47, 53, 53, 88, 84, 53, 47, 70, 34, 43, 24, 49, 109, 101, 25, 112, 48, 25, 89, 84, 113, 50, 50, 94, 80, 40, 78, 63, 28
84, 53, 47, 70, 50, 1, 48, 121, 25, 3, 50, 47, 39, 28, 98, 1, 25, 47, 84, 48, 99, 53, 57, 53, 47, 3, 25, 124, 85, 1, 47, 94, 50, 50, 53, 98, 1, 50, 25, 3, 70, 29, 84, 25, 2, 25, 1, 84, 48, 84, 35, 47, 25, 80, 28, 38, 50, 1, 18, 84, 47, 3, 84, 1, 50, 47, 107, 98, 53, 28, 50, 53, 25, 47, 29, 84, 18, 39, 21, 98, 1, 82, 98, 47, 53, 1, 70, 50, 1, 48, 25, 47, 25, 50, 53, 53, 32, 3, 3, 47, 25, 25, 29, 1, 25, 47, 1, 57, 98, 48, 29, 28, 124, 47, 74, 50, 25, 21, 47, 80, 25, 25, 70, 53, 20, 98, 76, 84
28, 39, 25, 32, 98, 84, 35, 89, 50, 121, 48, 47, 88, 77, 78, 70, 53, 1, 57, 122, 40, 29, 34, 85, 1, 99, 25, 82, 8, 3, 47, 100, 48, 98, 80, 74, 18, 29, 50, 107, 27, 49, 57, 53, 89, 53, 3, 121, 24, 2, 118, 25, 25, 113, 109, 10, 48, 70, 82, 28, 47, 41, 21, 84, 98, 1, 63, 78, 39, 101, 48, 80, 50, 1, 88, 2, 94, 46, 34, 85, 18, 100, 43, 47, 29, 3, 107, 98, 124, 122, 98, 1, 25, 29, 39, 80, 63, 76, 38, 47, 53, 53, 49, 84, 50, 47, 3, 109, 74, 9, 103, 109, 71, 25, 30, 48, 25, 34, 84, 55, 50, 50, 27, 80, 10, 85, 40, 28
25, 1, 47, 50, 47, 25, 84, 53, 47, 25, 1, 47, 3, 50, 1, 25, 47, 25, 25, 84, 98, 1, 53, 1, 47, 50, 47, 50, 18, 25, 47, 48, 1, 47, 1, 84, 25, 1, 47, 50, 50, 3, 25, 47, 53, 47, 25, 25, 84, 25, 57, 47, 47, 70, 50, 53, 1, 25, 50, 25, 47, 25, 25, 25, 1, 47, 98, 1, 1, 50, 1, 1, 47, 47, 3, 25, 50, 3, 53, 1, 25, 48, 84, 47, 1, 25, 50, 47, 25, 84, 47, 47, 47, 1, 1, 1, 98, 50, 25, 47, 47, 47, 3, 25, 47, 47, 25, 53, 84, 84, 84, 50, 50, 47, 28, 1, 47, 53, 25, 70, 47, 47, 50, 1, 53, 1, 98, 25
18, 29, 25, 99, 53, 84, 78, 34, 50, 21, 48, 47, 103, 82, 80, 3, 53, 1, 28, 35, 89, 29, 101, 39, 1, 121, 25, 27, 55, 84, 47, 63, 98, 53, 39, 85, 70, 48, 50, 20, 76, 24, 28, 50, 109, 53, 84, 21, 74, 57, 119, 47, 25, 46, 71, 34, 48, 3, 32, 124, 47, 2, 28, 84, 98, 1, 10, 85, 29, 94, 98, 39, 50, 1, 103, 57, 107, 49, 77, 80, 3, 63, 78, 47, 48, 84, 59, 98, 70, 43, 53, 1, 25, 48, 29, 39, 40, 121, 2, 47, 50, 53, 122, 84, 50, 47, 3, 71, 85, 74, 9, 82, 27, 25, 92, 98, 25, 109, 1, 88, 25, 50, 76, 29, 89, 80, 89, 18
38, 43, 25, 34, 29, 70, 46, 100, 53, 82, 80, 1, 30, 10, 103, 21, 48, 3, 107, 113, 73, 74, 63, 122, 1, 77, 50, 89, 23, 28, 47, 65, 39, 29, 9, 88, 2, 78, 53, 109, 34, 8, 76, 98, 63, 48, 124, 94, 55, 94, 4, 25, 50, 67, 40, 100, 85, 57, 89, 99, 1, 101, 32, 3, 39, 84, 73, 49, 35, 10, 80, 24, 53, 1, 61, 27, 89, 112, 63, 122, 21, 65, 88, 47, 78, 124, 109, 29, 121, 113, 48, 84, 50, 85, 74, 24, 73, 109, 71, 47, 98, 48, 119, 18, 98, 47, 28, 40, 49, 46, 92, 40, 10, 25, 79, 80, 25, 63, 3, 118, 50, 53, 34, 35, 100, 103, 73, 59
78, 34, 1, 55, 76, 48, 63, 23, 124, 103, 82, 25, 73, 61, 40, 80, 21, 98, 9, 100, 79, 109, 118, 89, 50, 88, 3, 8, 22, 29, 47, 12, 27, 99, 89, 63, 85, 77, 70, 46, 113, 73, 35, 57, 75, 121, 29, 103, 100, 122, 68, 47, 84, 22, 37, 54, 71, 39, 92, 43, 50, 49, 24, 48, 32, 53, 4, 40, 34, 119, 94, 89, 70, 50, 73, 122, 113, 65, 67, 10, 80, 93, 63, 25, 109, 29, 46, 107, 78, 100, 20, 53, 84, 101, 34, 89, 127, 88, 49, 47, 57, 2, 73, 48, 28, 25, 39, 112, 40, 63, 100, 30, 119, 1, 108, 94, 1, 67, 98, 65, 3, 18, 55, 34, 110, 10, 79, 74
47, 25, 47, 47, 47, 47, 25, 1, 47, 47, 25, 47, 25, 1, 25, 47, 47, 47, 47, 25, 1, 25, 1, 25, 47, 47, 47, 47, 50, 47, 47, 1, 25, 47, 25, 25, 47, 25, 47, 47, 47, 25, 47, 47, 1, 47, 47, 47, 25, 47, 50, 47, 47, 50, 1, 1, 25, 47, 47, 47, 47, 47, 47, 47, 25, 47, 1, 25, 25, 1, 25, 25, 47, 47, 25, 47, 47, 25, 1, 25, 47, 84, 25, 47, 25, 47, 47, 25, 47, 25, 47, 47, 47, 25, 25, 25, 1, 47, 47, 47, 47, 47, 25, 47, 47, 47, 47, 1, 25, 25, 25, 1, 1, 47, 50, 25, 47, 1, 47, 25, 47, 47, 47, 25, 1, 25, 1, 47
25, 1, 47, 25, 47, 25, 1, 50, 47, 25, 47, 47, 84, 50, 1, 25, 47, 47, 25, 84, 53, 1, 50, 1, 47, 25, 47, 50, 3, 25, 47, 98, 47, 47, 1, 1, 25, 1, 47, 25, 25, 84, 25, 47, 50, 47, 25, 25, 1, 25, 18, 47, 47, 3, 50, 53, 47, 25, 50, 25, 47, 25, 25, 25, 47, 47, 53, 1, 1, 50, 47, 1, 47, 47, 84, 25, 50, 84, 50, 1, 25, 98, 1, 47, 1, 25, 25, 47, 25, 84, 47, 47, 47, 1, 1, 1, 53, 25, 25, 47, 47, 47, 84, 25, 47, 47, 25, 50, 1, 1, 84, 50, 50, 47, 70, 47, 47, 50, 47, 84, 47, 47, 25, 1, 53, 1, 53, 25
50, 70, 47, 48, 84, 25, 57, 80, 1, 53, 84, 47, 76, 29, 28, 50, 1, 25, 53, 121, 78, 3, 39, 18, 25, 98, 47, 48, 71, 50, 47, 24, 84, 84, 70, 57, 50, 3, 1, 98, 48, 20, 53, 1, 80, 1, 25, 53, 21, 53, 34, 47, 47, 94, 29, 85, 3, 50, 48, 53, 25, 98, 53, 25, 84, 25, 74, 28, 70, 29, 84, 18, 1, 25, 99, 53, 48, 107, 39, 124, 50, 122, 57, 47, 3, 50, 98, 84, 50, 2, 1, 25, 47, 3, 3, 18, 35, 98, 98, 47, 1, 1, 59, 25, 1, 47, 50, 39, 28, 21, 121, 29, 29, 47, 109, 84, 47, 80, 25, 32, 47, 1, 48, 70, 78, 124, 74, 50
25, 1, 47, 50, 1, 25, 84, 98, 47, 50, 1, 47, 70, 53, 84, 25, 47, 25, 25, 3, 98, 1, 53, 1, 47, 50, 47, 50, 28, 25, 47, 48, 1, 1, 1, 84, 25, 1, 47, 50, 50, 3, 25, 47, 53, 47, 25, 50, 84, 25, 21, 47, 47, 124, 53, 98, 1, 25, 50, 25, 47, 50, 25, 25, 1, 25, 48, 84, 1, 53, 1, 1, 47, 47, 70, 25, 50, 70, 53, 84, 25, 29, 84, 47, 1, 25, 50, 1, 25, 3, 47, 47, 47, 1, 1, 1, 48, 50, 50, 47, 47, 47, 3, 25, 47, 47, 25, 53, 84, 84, 3, 53, 50, 47, 57, 1, 47, 53, 25, 18, 47, 47, 50, 1, 98, 84, 98, 25
121, 74, 25, 109, 29, 3, 88, 63, 53, 94, 80, 47, 119, 10, 122, 57, 98, 84, 76, 55, 100, 78, 40, 24, 1, 71, 50, 89, 75, 124, 47, 65, 39, 48, 43, 49, 21, 85, 53, 77, 34, 113, 99, 98, 63, 48, 70, 27, 46, 32, 79, 25, 50, 118, 10, 100, 80, 28, 34, 20, 1, 82, 107, 3, 29, 84, 73, 103, 74, 89, 39, 9, 50, 1, 8, 32, 34, 30, 40, 24, 21, 65, 49, 47, 85, 18, 109, 29, 2, 55, 48, 84, 50, 85, 78, 35, 73, 101, 94, 47, 98, 98, 92, 70, 53, 47, 28, 10, 103, 46, 113, 10, 89, 25, 54, 39, 25, 63, 3, 112, 50, 53, 109, 43, 100, 122, 100, 121
1, 50, 47, 84, 25, 47, 53, 124, 25, 1, 25, 47, 98, 3, 50, 1, 25, 47, 1, 53, 28, 50, 70, 50, 47, 84, 25, 3, 29, 47, 47, 2, 25, 25, 50, 53, 1, 50, 25, 84, 84, 98, 1, 25, 18, 25, 47, 1, 53, 1, 39, 47, 47, 48, 3, 124, 50, 1, 3, 1, 47, 84, 1, 47, 25, 47, 57, 53, 50, 3, 25, 50, 25, 47, 98, 1, 84, 48, 70, 50, 1, 121, 53, 47, 50, 47, 84, 25, 1, 53, 25, 47, 25, 50, 50, 50, 21, 84, 84, 47, 25, 25, 98, 47, 25, 47, 1, 70, 53, 53, 98, 3, 3, 47, 39, 25, 47, 70, 47, 48, 25, 25, 84, 50, 28, 50, 57, 1
85, 109, 1, 88, 38, 98, 40, 67, 18, 24, 27, 25, 73, 92, 89, 39, 57, 53, 74, 63, 54, 101, 61, 34, 50, 103, 84, 113, 65, 29, 47, 86, 107, 121, 34, 10, 80, 82, 3, 49, 46, 100, 74, 28, 118, 21, 48, 24, 63, 9, 108, 47, 84, 65, 119, 75, 94, 29, 55, 78, 25, 103, 43, 98, 76, 53, 110, 10, 109, 92, 107, 34, 3, 50, 100, 35, 55, 73, 37, 89, 39, 58, 40, 25, 71, 48, 88, 59, 80, 63, 2, 53, 84, 82, 77, 34, 79, 49, 122, 47, 28, 21, 100, 48, 124, 25, 29, 119, 10, 63, 100, 8, 113, 1, 22, 32, 1, 112, 98, 73, 3, 70, 46, 109, 23, 89, 54, 85
111, 104, 94, 15, 68, 54, 90, 106, 73, 126, 11, 80, 72, 5, 51, 6, 22, 112, 96, 120, 87, 104, 52, 26, 46, 16, 40, 125, 66, 127, 47, 60, 83, 68, 97, 90, 33, 69, 100, 42, 56, 120, 102, 65, 31, 108, 79, 116, 64, 116, 19, 57, 34, 13, 52, 106, 69, 117, 125, 102, 35, 16, 62, 75, 83, 119, 87, 51, 97, 5, 11, 26, 100, 103, 72, 62, 56, 13, 52, 26, 36, 60, 90, 48, 104, 4, 15, 83, 111, 64, 108, 113, 10, 69, 104, 97, 123, 42, 126, 84, 65, 22, 72, 110, 65, 53, 58, 52, 51, 64, 120, 5, 125, 99, 19, 11, 109, 31, 67, 13, 63, 73, 15, 97, 106, 26, 87, 115
63, 23, 53, 22, 55, 71, 93, 11, 43, 73, 30, 84, 102, 68, 4, 10, 103, 107, 100, 33, 69, 67, 83, 79, 57, 65, 39, 108, 126, 34, 47, 97, 92, 46, 54, 12, 40, 118, 85, 65, 22, 115, 100, 24, 11, 88, 109, 73, 36, 73, 15, 50, 48, 116, 68, 69, 37, 89, 108, 100, 70, 65, 100, 82, 92, 59, 104, 127, 23, 68, 8, 110, 80, 28, 102, 73, 108, 96, 83, 7, 10, 26, 117, 1, 67, 34, 22, 113, 63, 33, 46, 121, 29, 112, 75, 110, 97, 65, 73, 25, 122, 49, 115, 77, 35, 1, 89, 83, 114, 6, 111, 68, 108, 53, 42, 119, 98, 11, 27, 62, 39, 78, 22, 54, 69, 7, 104, 63
25, 1, 47, 50, 47, 25, 1, 53, 47, 25, 1, 47, 84, 50, 1, 25, 47, 47, 25, 84, 53, 1, 50, 1, 47, 25, 47, 50, 70, 25, 47, 98, 47, 47, 1, 1, 25, 1, 47, 25, 50, 84, 25, 47, 53, 47, 25, 25, 84, 25, 124, 47, 47, 3, 50, 53, 1, 25, 50, 25, 47, 25, 25, 25, 47, 47, 53, 1, 1, 50, 47, 1, 47, 47, 84, 25, 50, 3, 50, 1, 25, 98, 1, 47, 1, 25, 25, 47, 25, 84, 47, 47, 47, 1, 1, 1, 98, 25, 25, 47, 47, 47, 84, 25, 47, 47, 25, 50, 1, 84, 84, 50, 50, 47, 18, 47, 47, 50, 25, 3, 47, 47, 50, 1, 53, 1, 53, 25
98, 2, 47, 85, 70, 50, 82, 49, 84, 39, 28, 25, 89, 35, 107, 98, 3, 50, 48, 109, 46, 21, 122, 99, 25, 39, 1, 74, 40, 53, 47, 119, 124, 70, 38, 27, 98, 57, 1, 80, 78, 34, 48, 84, 49, 3, 53, 29, 71, 29, 100, 47, 1, 10, 24, 88, 57, 53, 74, 48, 25, 39, 29, 50, 18, 50, 113, 32, 121, 43, 124, 59, 1, 25, 34, 29, 78, 89, 122, 76, 98, 61, 94, 25, 21, 53, 85, 18, 98, 77, 3, 25, 1, 57, 2, 41, 113, 80, 39, 47, 84, 3, 34, 50, 84, 47, 53, 24, 27, 71, 109, 9, 43, 47, 63, 28, 47, 103, 50, 10, 1, 84, 85, 121, 46, 107, 55, 48
25, 1, 47, 50, 1, 25, 84, 98, 47, 50, 1, 47, 70, 53, 84, 25, 47, 25, 25, 3, 48, 1, 53, 84, 47, 50, 47, 53, 57, 25, 47, 29, 1, 1, 1, 84, 25, 1, 47, 50, 50, 3, 25, 47, 98, 47, 25, 50, 3, 50, 2, 47, 47, 28, 53, 98, 1, 25, 50, 25, 47, 50, 25, 25, 1, 25, 48, 84, 1, 53, 1, 84, 47, 47, 70, 50, 50, 18, 53, 84, 25, 29, 84, 47, 1, 25, 50, 1, 25, 3, 1, 25, 47, 1, 1, 84, 48, 50, 50, 47, 47, 47, 70, 25, 47, 47, 25, 53, 84, 3, 3, 53, 53, 47, 21, 1, 47, 98, 25, 124, 47, 47, 50, 1, 98, 84, 48, 25
3, 48, 25, 2, 53, 1, 80, 101, 50, 28, 98, 47, 9, 107, 39, 84, 50, 1, 18, 78, 109, 48, 27, 29, 1, 57, 25, 59, 49, 84, 47, 10, 53, 53, 48, 39, 3, 98, 25, 21, 121, 74, 70, 50, 71, 50, 84, 28, 85, 124, 113, 47, 25, 103, 32, 77, 98, 84, 20, 70, 47, 57, 18, 1, 53, 1, 34, 39, 48, 76, 53, 29, 25, 47, 35, 124, 38, 24, 94, 29, 3, 10, 80, 47, 98, 84, 2, 53, 3, 85, 53, 1, 25, 98, 48, 29, 89, 21, 28, 47, 50, 50, 43, 1, 50, 47, 84, 32, 39, 85, 78, 107, 76, 25, 46, 98, 25, 82, 1, 122, 25, 50, 2, 48, 109, 29, 34, 3
21, 85, 25, 71, 48, 3, 103, 40, 53, 107, 39, 47, 113, 34, 35, 124, 98, 84, 38, 88, 63, 80, 89, 74, 1, 27, 50, 109, 112, 70, 47, 73, 29, 48, 78, 122, 57, 80, 50, 82, 77, 46, 121, 53, 40, 98, 3, 76, 49, 76, 23, 25, 25, 61, 89, 63, 39, 124, 109, 2, 1, 32, 20, 3, 48, 84, 100, 9, 85, 34, 29, 74, 50, 1, 113, 99, 109, 92, 10, 43, 28, 73, 122, 47, 80, 70, 82, 48, 57, 88, 98, 1, 50, 39, 85, 78, 100, 94, 32, 47, 53, 98, 55, 3, 53, 47, 18, 89, 24, 103, 46, 89, 34, 25, 75, 29, 25, 10, 84, 119, 50, 53, 101, 78, 63, 35, 100, 21
84, 98, 25, 124, 50, 1, 29, 76, 25, 70, 53, 47, 85, 21, 48, 84, 50, 1, 3, 39, 27, 53, 121, 98, 47, 70, 25, 57, 35, 1, 47, 77, 50, 50, 98, 48, 84, 53, 25, 18, 28, 39, 84, 25, 99, 50, 1, 3, 29, 3, 103, 47, 25, 74, 2, 107, 53, 1, 57, 84, 47, 70, 3, 1, 50, 47, 82, 48, 98, 21, 50, 98, 25, 47, 80, 3, 28, 85, 38, 98, 84, 109, 48, 47, 53, 1, 124, 50, 84, 29, 50, 47, 25, 53, 53, 98, 71, 18, 70, 47, 25, 50, 80, 1, 25, 47, 1, 121, 48, 29, 39, 2, 57, 47, 122, 53, 25, 41, 1, 78, 25, 25, 28, 98, 32, 98, 94, 84
1, 53, 47, 3, 50, 1, 98, 2, 25, 84, 50, 47, 29, 124, 98, 1, 25, 47, 84, 48, 20, 50, 57, 53, 47, 3, 25, 18, 85, 1, 47, 32, 50, 25, 53, 98, 1, 50, 25, 3, 70, 48, 84, 25, 21, 25, 1, 84, 48, 84, 43, 47, 25, 80, 28, 121, 50, 1, 18, 84, 47, 3, 84, 1, 50, 47, 99, 98, 53, 124, 50, 53, 25, 47, 29, 84, 70, 39, 57, 53, 1, 94, 98, 47, 50, 1, 3, 50, 1, 48, 25, 47, 25, 50, 53, 53, 107, 3, 3, 47, 25, 25, 29, 1, 25, 47, 1, 28, 98, 98, 48, 28, 124, 47, 78, 50, 25, 21, 47, 39, 25, 25, 70, 53, 121, 53, 59, 84
18, 29, 25, 76, 98, 84, 74, 34, 50, 21, 48, 47, 49, 82, 80, 3, 53, 1, 28, 9, 89, 29, 77, 39, 1, 121, 25, 27, 55, 3, 47, 63, 98, 53, 39, 78, 70, 48, 50, 41, 107, 122, 28, 50, 34, 53, 84, 21, 43, 21, 61, 25, 25, 46, 71, 34, 48, 3, 32, 124, 47, 121, 57, 84, 98, 1, 10, 85, 29, 94, 98, 39, 50, 1, 103, 57, 32, 49, 109, 80, 70, 63, 78, 47, 48, 84, 99, 98, 70, 35, 53, 1, 25, 48, 29, 39, 40, 38, 2, 47, 50, 53, 122, 84, 50, 47, 3, 101, 85, 74, 24, 71, 94, 25, 8, 98, 25, 109, 1, 88, 25, 50, 76, 39, 89, 80, 10, 124
2, 78, 25, 77, 48, 3, 49, 63, 53, 32, 39, 47, 8, 89, 24, 28, 98, 84, 59, 46, 100, 85, 10, 35, 1, 82, 50, 34, 67, 18, 47, 73, 29, 48, 74, 103, 57, 80, 53, 71, 109, 55, 38, 53, 63, 98, 70, 32, 88, 107, 110, 25, 25, 112, 89, 63, 39, 28, 34, 121, 1, 94, 99, 3, 29, 84, 100, 122, 78, 89, 29, 43, 50, 1, 92, 76, 109, 119, 40, 9, 57, 65, 103, 47, 85, 70, 101, 29, 21, 46, 48, 84, 50, 80, 85, 43, 73, 82, 27, 47, 98, 98, 113, 3, 53, 47, 124, 10, 122, 88, 55, 89, 34, 25, 23, 39, 25, 40, 84, 61, 50, 53, 109, 74, 100, 9, 100, 2
76, 24, 25, 89, 39, 124, 113, 73, 98, 109, 78, 1, 67, 63, 88, 121, 48, 3, 94, 119, 73, 9, 100, 49, 84, 34, 53, 40, 79, 57, 47, 22, 85, 39, 103, 55, 59, 43, 53, 34, 10, 37, 27, 48, 100, 29, 28, 77, 92, 101, 12, 25, 50, 54, 63, 73, 74, 2, 10, 32, 1, 109, 82, 18, 80, 3, 65, 46, 122, 63, 85, 49, 53, 1, 118, 71, 10, 75, 100, 49, 38, 108, 55, 47, 35, 57, 89, 80, 76, 8, 29, 84, 50, 74, 24, 103, 65, 34, 109, 25, 48, 29, 112, 124, 98, 47, 21, 63, 46, 92, 61, 63, 40, 25, 127, 78, 50, 100, 70, 23, 53, 98, 89, 122, 73, 88, 65, 107
124, 39, 25, 107, 98, 84, 43, 89, 50, 121, 48, 47, 88, 101, 85, 70, 53, 1, 57, 122, 10, 29, 109, 80, 1, 59, 25, 82, 92, 3, 47, 63, 98, 98, 39, 74, 18, 29, 50, 76, 32, 103, 57, 53, 34, 53, 84, 2, 9, 2, 112, 25, 25, 55, 77, 89, 48, 3, 94, 28, 47, 38, 21, 84, 98, 1, 40, 78, 39, 71, 48, 80, 50, 1, 49, 21, 27, 46, 34, 85, 70, 100, 74, 47, 29, 3, 107, 98, 124, 24, 53, 1, 25, 48, 29, 80, 63, 99, 121, 47, 53, 53, 49, 84, 50, 47, 3, 109, 78, 35, 122, 77, 82, 25, 61, 48, 25, 34, 84, 46, 50, 50, 32, 39, 10, 85, 40, 28
84, 98, 25, 28, 50, 1, 29, 107, 25, 70, 53, 47, 85, 2, 48, 84, 50, 1, 3, 39, 94, 53, 20, 98, 47, 18, 25, 21, 9, 1, 47, 109, 53, 50, 98, 48, 84, 53, 25, 124, 57, 80, 3, 25, 76, 50, 1, 70, 29, 3, 49, 47, 25, 43, 121, 32, 53, 84, 57, 3, 47, 18, 3, 1, 50, 1, 71, 48, 98, 2, 53, 98, 25, 47, 85, 3, 57, 78, 59, 48, 84, 34, 29, 47, 53, 1, 28, 50, 84, 39, 50, 47, 25, 53, 98, 98, 101, 124, 70, 47, 50, 50, 80, 1, 25, 47, 1, 38, 48, 29, 39, 121, 21, 47, 103, 53, 25, 76, 1, 74, 25, 25, 28, 98, 27, 48, 82, 84
84, 53, 47, 18, 50, 1, 48, 20, 25, 3, 50, 47, 39, 57, 98, 1, 25, 47, 84, 29, 107, 53, 21, 98, 47, 3, 25, 28, 78, 1, 47, 82, 50, 50, 53, 48, 84, 53, 25, 70, 124, 29, 84, 25, 121, 50, 1, 3, 48, 3, 24, 47, 25, 85, 57, 99, 50, 1, 124, 84, 47, 3, 84, 1, 50, 47, 32, 98, 53, 28, 50, 98, 25, 47, 39, 3, 124, 80, 2, 98, 1, 101, 48, 47, 53, 1, 70, 50, 84, 29, 50, 47, 25, 53, 53, 98, 27, 70, 3, 47, 25, 25, 39, 1, 25, 47, 1, 21, 98, 48, 29, 57, 28, 47, 35, 50, 25, 121, 1, 85, 25, 25, 18, 53, 76, 98, 107, 84
46, 100, 84, 23, 34, 85, 22, 33, 107, 37, 40, 50, 83, 127, 65, 103, 71, 39, 92, 108, 115, 100, 117, 73, 98, 118, 57, 7, 69, 9, 47, 62, 10, 34, 100, 65, 88, 63, 38, 75, 54, 68, 113, 27, 36, 109, 74, 30, 22, 61, 97, 1, 70, 11, 58, 111, 40, 122, 79, 55, 53, 118, 8, 85, 89, 29, 102, 65, 100, 4, 10, 73, 2, 98, 68, 119, 110, 83, 93, 73, 49, 116, 65, 25, 63, 43, 23, 89, 88, 108, 109, 48, 124, 63, 100, 73, 96, 67, 112, 47, 94, 101, 68, 78, 32, 25, 24, 12, 65, 22, 108, 114, 7, 84, 104, 10, 3, 91, 80, 83, 21, 99, 54, 100, 111, 73, 102, 55
25, 1, 47, 25, 47, 47, 1, 50, 47, 25, 47, 47, 84, 50, 1, 25, 47, 47, 25, 1, 50, 1, 50, 1, 47, 25, 47, 25, 3, 25, 47, 53, 47, 47, 1, 1, 25, 47, 47, 25, 25, 84, 25, 47, 50, 47, 25, 25, 1, 25, 70, 47, 47, 84, 50, 50, 47, 25, 25, 25, 47, 25, 25, 47, 47, 47, 53, 1, 1, 50, 47, 1, 47, 47, 84, 25, 25, 84, 50, 1, 25, 53, 1, 47, 47, 25, 25, 47, 25, 1, 47, 47, 47, 47, 1, 1, 53, 25, 25, 47, 47, 47, 84, 25, 47, 47, 25, 50, 1, 1, 1, 50, 50, 47, 3, 47, 47, 50, 47, 84, 47, 47, 25, 1, 50, 1, 53, 25
1, 50, 47, 84, 25, 47, 53, 18, 25, 1, 25, 47, 98, 3, 50, 1, 25, 47, 1, 53, 28, 50, 3, 50, 47, 84, 25, 84, 48, 47, 47, 21, 25, 25, 50, 53, 1, 50, 25, 84, 84, 98, 1, 25, 70, 25, 47, 1, 53, 1, 39, 47, 47, 48, 3, 124, 25, 1, 84, 1, 47, 84, 1, 47, 25, 47, 28, 50, 50, 3, 25, 50, 25, 47, 98, 1, 84, 98, 70, 50, 1, 2, 53, 47, 50, 47, 84, 25, 1, 53, 25, 47, 47, 25, 50, 50, 57, 84, 1, 47, 25, 25, 98, 47, 25, 47, 47, 3, 50, 53, 53, 3, 3, 47, 29, 25, 47, 70, 47, 48, 25, 25, 84, 50, 124, 50, 28, 1
100, 7, 98, 68, 61, 34, 111, 104, 103, 22, 75, 3, 126, 11, 91, 63, 46, 71, 73, 96, 97, 79, 69, 117, 38, 108, 85, 83, 15, 10, 47, 90, 118, 8, 95, 33, 100, 54, 35, 108, 68, 62, 73, 88, 104, 113, 89, 65, 115, 65, 5, 50, 29, 42, 11, 97, 23, 63, 83, 73, 124, 22, 65, 109, 112, 27, 26, 36, 4, 11, 67, 12, 74, 21, 116, 65, 68, 126, 69, 93, 63, 90, 111, 84, 110, 10, 108, 30, 100, 102, 92, 107, 39, 54, 79, 58, 51, 108, 22, 25, 88, 55, 62, 89, 49, 1, 40, 69, 33, 115, 96, 11, 83, 53, 125, 67, 48, 69, 77, 16, 78, 24, 68, 86, 97, 6, 26, 73
25, 47, 47, 25, 47, 47, 1, 25, 47, 25, 47, 47, 1, 25, 47, 47, 47, 47, 25, 1, 50, 47, 25, 47, 47, 25, 47, 25, 1, 47, 47, 50, 47, 47, 47, 1, 25, 47, 47, 25, 25, 1, 25, 47, 25, 47, 47, 25, 1, 25, 84, 47, 47, 1, 25, 25, 47, 47, 25, 25, 47, 25, 25, 47, 47, 47, 50, 47, 47, 25, 47, 47, 47, 47, 1, 25, 25, 1, 25, 47, 25, 50, 1, 47, 47, 47, 25, 47, 25, 1, 47, 47, 47, 47, 47, 47, 50, 25, 25, 47, 47, 47, 1, 47, 47, 47, 47, 25, 1, 1, 1, 25, 25, 47, 84, 47, 47, 25, 47, 1, 47, 47, 25, 47, 50, 47, 50, 25
34, 113, 50, 100, 9, 38, 23, 108, 39, 40, 49, 1, 58, 65, 112, 82, 85, 57, 89, 79, 68, 55, 65, 61, 70, 63, 98, 73, 111, 32, 47, 11, 103, 35, 8, 67, 77, 46, 48, 100, 100, 4, 89, 80, 22, 78, 76, 40, 54, 10, 96, 25, 53, 36, 65, 108, 88, 94, 73, 34, 84, 63, 10, 2, 122, 28, 68, 118, 92, 73, 103, 119, 48, 3, 114, 10, 73, 117, 22, 30, 101, 11, 75, 1, 55, 107, 100, 24, 109, 110, 74, 18, 98, 46, 113, 119, 83, 63, 63, 25, 80, 78, 86, 59, 39, 47, 27, 65, 67, 23, 79, 65, 73, 50, 102, 49, 53, 22, 21, 6, 48, 29, 100, 92, 108, 37, 68, 34
32, 122, 25, 10, 80, 28, 92, 73, 98, 109, 74, 1, 75, 63, 46, 38, 29, 70, 71, 30, 65, 24, 100, 88, 84, 34, 53, 63, 4, 21, 47, 108, 85, 39, 49, 113, 76, 9, 98, 89, 10, 118, 82, 48, 73, 29, 57, 109, 119, 109, 93, 25, 50, 110, 100, 73, 43, 121, 40, 94, 1, 34, 101, 124, 85, 3, 65, 55, 103, 63, 78, 88, 53, 84, 67, 77, 40, 23, 100, 46, 99, 108, 92, 47, 24, 21, 89, 80, 107, 61, 39, 84, 50, 35, 122, 49, 22, 89, 34, 25, 48, 29, 67, 28, 48, 47, 2, 100, 55, 8, 112, 100, 63, 25, 12, 78, 50, 100, 70, 54, 53, 98, 10, 103, 65, 46, 65, 27
18, 29, 25, 99, 53, 84, 78, 34, 50, 21, 98, 47, 103, 94, 80, 3, 53, 1, 28, 35, 89, 48, 101, 39, 1, 121, 25, 32, 55, 84, 47, 63, 98, 53, 39, 85, 70, 48, 50, 38, 76, 24, 124, 50, 109, 53, 84, 21, 74, 57, 119, 47, 25, 46, 82, 34, 48, 3, 32, 124, 47, 2, 28, 84, 98, 1, 10, 85, 29, 94, 98, 39, 50, 1, 103, 57, 107, 49, 77, 39, 3, 63, 78, 47, 48, 84, 41, 98, 70, 43, 53, 1, 25, 48, 29, 39, 10, 121, 2, 47, 50, 53, 122, 84, 50, 47, 3, 71, 85, 74, 9, 82, 27, 25, 92, 98, 25, 109, 1, 88, 25, 50, 76, 29, 89, 80, 89, 18
