-0.066869,
-0.001122,
0.015680,
0.031877,
0.026313,
0.090801,
-0.049320,
-0.012756,
-0.010260,
0.077391,
0.118673,
0.038795,
0.034705,
0.079769,
-0.016657,
-0.030668,
0.036675,
-0.046572,
-0.066968,
-0.069607,
0.132442,
-0.037969,
0.015862,
0.023515,
-0.005185,
0.048514,
-0.003638,
0.192301,
-0.089540,
0.053399,
0.044159,
0.030811,
0.053612,
-0.027763,
0.022108,
0.073079,
0.019047,
-0.031077,
-0.002750,
-0.039223,
0.035425,
0.042612,
0.076123,
0.109870,
0.088220,
0.008020,
-0.033000,
-0.006658,
-0.014791,
0.035991,
0.015872,
-0.027254,
0.050713,
-0.034942,
-0.121388,
0.039111,
0.025763,
0.006242,
0.107906,
0.072605,
0.040484,
-0.016268,
0.191153,
0.025753,
-0.032205,
0.115633,
0.034498,
0.014361,
0.027268,
0.021299,
0.084481,
0.030023,
-0.020137,
-0.021565,
0.009310,
0.001148,
0.036235,
-0.002594,
-0.005075,
0.051469,
-0.013325,
0.088492,
0.043902,
-0.047475,
-0.009344,
0.010535,
0.010473,
0.012383,
0.009549,
-0.042239,
-0.049443,
-0.018038,
0.027390,
0.019959,
0.051426,
-0.042173,
0.011901,
0.140975,
0.072837,
0.100286,
0.150754,
0.072828,
-0.058586,
-0.047192,
-0.026131,
0.030237,
0.042977,
0.017586,
0.099872,
0.065120,
-0.052485,
-0.030155,
0.013397,
0.013014,
0.010827,
-0.062268,
0.000000,
-0.036478,
0.072836,
0.115317,
0.027410,
0.059589,
-0.003823,
0.131979,
0.020184,
0.056312,
-0.013325,
0.094674,
-0.076911,
-0.003985,
0.003142,
-0.011458,
0.015187,
0.070110,
0.007057,
0.025811,
0.034419,
-0.061020,
-0.054076,
0.058600,
0.064855,
0.106840,
-0.045788,
0.099049,
-0.018058,
-0.027190,
0.066397,
-0.036953,
0.014542,
-0.001419,
0.003261,
0.056708,
-0.088171,
0.050908,
0.066690,
0.027719,
-0.100840,
0.037167,
-0.054807,
0.047902,
-0.022939,
0.032842,
0.046747,
0.011755,
-0.010058,
0.018175,
-0.027421,
-0.039106,
0.027127,
-0.013814,
-0.006495,
0.018310,
0.080752,
-0.012813,
0.029881,
-0.041457,
-0.017848,
-0.056695,
-0.010086,
0.024234,
-0.019122,
0.030733,
-0.023428,
0.015494,
0.024064,
-0.014006,
0.043842,
0.019973,
-0.033149,
0.014158,
-0.050113,
-0.052659,
0.173496,
0.076969,
0.002489,
0.017883,
-0.053371,
-0.026369,
-0.032455,
-0.053115,
-0.015699,
0.083100,
-0.014432,
-0.028915,
-0.003749,
0.132272,
0.029285,
-0.084354,
0.154883,
0.045149,
0.038152,
-0.060900,
-0.021908,
-0.000437,
-0.019702,
0.088714,
-0.024410,
-0.004879,
0.020002,
0.007092,
0.039847,
-0.029172,
0.086288,
0.059778,
-0.016819,
-0.024181,
-0.036312,
0.017392,
0.132294,
0.143000,
0.055753,
0.036990,
0.004761,
0.037384,
0.011585,
0.073153,
0.023086,
-0.008897,
-0.053579,
0.089227,
0.062162,
0.026686,
0.017958,
0.011881,
0.009768,
-0.063476,
0.019381,
0.009201,
-0.095384,
0.001893,
-0.008614,
-0.010776,
0.078120,
-0.007389,
0.035029,
-0.037990,
