0.001772,
0.017747,
-0.000000,
0.011361,
0.002000,
0.013187,
0.067980,
0.043934,
0.002674,
0.151002,
0.015129,
-0.000000,
0.000018,
0.001481,
0.029862,
0.000086,
-0.000000,
0.067790,
0.000000,
-0.000000,
0.004921,
0.003000,
-0.000000,
0.001013,
0.030021,
0.098458,
0.049666,
0.011947,
0.007380,
0.000003,
0.033349,
0.017328,
0.003377,
0.001744,
-0.000000,
0.015844,
-0.000003,
-0.000000,
-0.008293,
0.038623,
0.054066,
0.000366,
0.001476,
0.051063,
0.001910,
0.000299,
0.000000,
-0.000000,
0.022281,
-0.000000,
0.053182,
0.014358,
0.075955,
0.021294,
0.039223,
0.018040,
0.016711,
0.028717,
0.015737,
0.026556,
0.000115,
-0.000000,
0.012982,
0.008896,
0.007560,
0.125192,
0.277440,
0.025711,
0.051214,
0.006489,
0.036535,
-0.000000,
0.019427,
0.017150,
-0.000000,
0.059587,
-0.008525,
0.053669,
0.029745,
0.024924,
0.000001,
0.001002,
0.002468,
0.000246,
-0.000000,
0.124772,
0.004972,
-0.000000,
0.042088,
0.035647,
0.010032,
0.052020,
0.006129,
0.013217,
0.016403,
0.003162,
0.001240,
0.016125,
-0.000000,
0.000799,
0.000000,
-0.000000,
0.002856,
0.035021,
0.003630,
0.110218,
0.000000,
0.002965,
0.076078,
0.092955,
-0.000000,
-0.000000,
0.023745,
-0.000000,
0.001085,
0.026672,
0.055921,
0.002190,
0.017346,
0.080184,
-0.000000,
0.003833,
0.015298,
0.033384,
0.022017,
-0.005590,
0.011854,
-0.000000,
0.013661,
0.000492,
-0.000000,
-0.000000,
0.036653,
0.037352,
0.047791,
0.045766,
0.000995,
0.066801,
-0.000010,
0.074326,
0.003188,
0.034881,
0.017540,
0.000001,
0.008136,
0.001202,
0.014023,
0.015241,
0.028676,
-0.004764,
0.004857,
0.002676,
0.000037,
-0.000000,
0.023835,
-0.000000,
0.054764,
-0.000000,
0.000024,
0.034931,
0.035250,
0.037322,
-0.000000,
0.000475,
0.000383,
0.021166,
0.003897,
0.022944,
0.006944,
-0.002930,
0.006159,
-0.000000,
0.085741,
0.000033,
-0.000000,
0.000453,
0.000067,
-0.000000,
0.000010,
0.117819,
-0.000013,
0.017416,
-0.000000,
0.062855,
0.007018,
0.038123,
0.073857,
0.018385,
0.003101,
-0.003380,
0.028078,
0.023886,
0.002388,
-0.000000,
0.149640,
0.036945,
-0.000000,
0.000000,
0.019202,
0.054231,
0.000016,
0.031373,
-0.000056,
0.000130,
0.025703,
0.077509,
-0.000000,
0.013063,
0.001669,
0.005464,
0.000000,
0.000004,
-0.004542,
0.002366,
0.093651,
0.064337,
0.035859,
0.000037,
0.000000,
0.011248,
0.082201,
0.000000,
0.070872,
0.024640,
0.075809,
0.000015,
0.097698,
0.037347,
0.024913,
0.051320,
-0.000000,
0.022161,
-0.000000,
-0.000000,
0.009467,
0.042978,
0.010666,
-0.000000,
0.020293,
-0.000000,
0.114539,
0.095678,
-0.000000,
0.040450,
0.176851,
0.048618,
0.034954,
0.021058,
-0.000000,
0.011189,
0.412636,
0.076260,
-0.000000,
0.000012,
0.005896,
0.174839,
0.008998,
0.020849,
0.065884,
0.018941,
0.063170,
0.000109,
-0.000000,
0.005346,
0.031767,
0.008691,
0.000000,
0.046239,
0.036208,
0.000339,
0.006547,
0.001168,
-0.000001,
0.003099,
-0.000000,
0.034072,
0.025419,
0.047899,
0.012128,
0.006191,
0.079367,
0.040210,
0.059489,
0.089409,
-0.000000,
-0.000003,
0.078030,
-0.000000,
0.029129,
0.043206,
-0.000000,
-0.000000,
-0.000000,
0.002798,
0.033068,
0.010434,
0.058615,
0.005120,
0.007886,
-0.000004,
0.023206,
-0.000000,
-0.018162,
-0.000000,
0.023674,
0.081445,
-0.000000,
0.000758,
-0.000000,
0.054218,
0.000063,
0.009013,
0.050964,
0.019731,
0.005771,
0.008395,
0.003158,
0.000000,
-0.000000,
0.026251,
0.023883,
0.067312,
0.000002,
0.004781,
-0.000000,
0.007286,
-0.000000,
0.000141,
0.016602,
0.052039,
0.107696,
0.001283,
-0.000000,
-0.000000,
0.000037,
0.068576,
-0.000000,
-0.000000,
0.021924,
0.068651,
0.077821,
0.016211,
-0.000000,
0.005535,
0.114470,
0.051567,
0.026846,
0.000781,
0.049431,
0.006194,
0.005312,
0.085357,
0.012741,
0.004624,
0.024320,
0.008270,
0.034640,
0.000649,
0.002864,
0.168261,
0.095212,
0.014259,
0.013235,
0.027607,
0.048219,
0.000723,
-0.000000,
0.000594,
0.000078,
0.000210,
0.000000,
0.027246,
-0.000000,
0.030210,
-0.000000,
0.011660,
-0.002920,
0.001052,
0.000000,
0.011354,
0.033855,
0.021861,
0.018907,
0.043835,
0.006969,
-0.000000,
0.025069,
0.036481,
0.049242,
0.000017,
0.010255,
0.031583,
-0.000000,
0.000090,
0.035284,
0.111949,
-0.000000,
-0.000000,
0.037986,
0.002375,
0.072985,
0.032390,
0.006681,
-0.000000,
0.000697,
0.030206,
0.005917,
0.024119,
0.001210,
0.040810,
0.033747,
0.128854,
0.000160,
0.035425,
0.001586,
0.005139,
0.063144,
0.019093,
0.016366,
0.035368,
0.022736,
0.091814,
0.071748,
0.000092,
0.029282,
0.061270,
0.000642,
0.007159,
0.054372,
0.032662,
-0.000000,
0.000323,
0.036980,
0.123618,
0.038016,
0.069745,
0.006306,
-0.005908,
0.051015,
0.030852,
0.107733,
0.043527,
-0.000000,
-0.000000,
0.024284,
0.000000,
0.059646,
0.112384,
-0.000336,
-0.000000,
-0.000000,
-0.003033,
-0.004474,
0.081036,
0.000438,
0.051415,
-0.000000,
0.006457,
-0.000000,
0.023120,
-0.000000,
-0.000000,
0.000701,
0.001198,
0.039070,
0.078702,
-0.000000,
-0.000000,
0.022597,
0.001144,
0.029039,
0.024274,
-0.000001,
0.029868,
-0.000005,
0.087801,
0.001143,
0.012051,
0.025196,
0.030425,
0.040814,
-0.000000,
0.000004,
0.031574,
0.018965,
0.000062,
-0.000000,
0.000000,
0.013357,
0.011496,
0.025505,
-0.000000,
0.073612,
0.085038,
-0.000000,
0.003310,
0.005112,
0.120988,
0.007749,
0.105258,
0.002319,
-0.000000,
0.084140,
-0.000000,
0.000760,
0.059450,
0.067343,
-0.000000,
0.000008,
0.023516,
0.009813,
0.013614,
