-0.110920,
-0.215411,
-0.118734,
0.043419,
-0.081187,
-0.035615,
0.063052,
0.015589,
0.023560,
-0.155476,
-0.261650,
-0.198697,
0.009360,
-0.122242,
-0.115256,
0.081514,
0.021181,
-0.007331,
0.010859,
-0.044684,
-0.051822,
0.060100,
-0.013938,
-0.049420,
0.075958,
0.069286,
0.037733,
0.025685,
0.035466,
0.064565,
0.041085,
0.047161,
0.094737,
-0.050162,
-0.068651,
-0.007466,
0.012522,
0.029580,
0.087580,
-0.052111,
-0.028310,
0.050215,
-0.188686,
-0.187605,
-0.106301,
-0.009370,
0.002520,
0.048479,
-0.094884,
-0.076555,
-0.026235,
-0.193717,
-0.189315,
-0.147658,
0.047703,
0.030946,
0.128994,
-0.035092,
-0.010916,
0.133981,
0.013717,
0.046022,
0.154745,
-0.071893,
-0.080480,
0.050481,
-0.194986,
-0.162598,
0.019701,
-0.021810,
0.015872,
0.159215,
-0.121879,
-0.154278,
-0.070531,
-0.284600,
-0.280000,
-0.152990,
-0.049464,
-0.028082,
0.078187,
0.064185,
0.008746,
-0.003824,
0.017318,
-0.055221,
-0.068633,
-0.020512,
-0.083043,
-0.090847,
0.090593,
0.042156,
0.037203,
0.061716,
-0.018495,
-0.037736,
0.033772,
-0.040121,
-0.060632,
0.058582,
0.042695,
0.048904,
0.064949,
0.019824,
0.006337,
0.059710,
0.017123,
-0.005245,
0.082250,
0.064878,
-0.032836,
0.101734,
0.019258,
-0.081051,
0.061349,
0.035030,
-0.037089,
0.110088,
0.036531,
-0.070118,
0.022793,
-0.095729,
-0.176234,
0.034816,
-0.027675,
-0.085208,
0.003198,
-0.006170,
-0.077840,
-0.188295,
-0.202165,
-0.234183,
-0.138934,
-0.092626,
-0.102740,
0.052677,
-0.194578,
0.097237,
0.153164,
-0.233833,
0.080637,
0.056170,
-0.177430,
0.128706,
0.223528,
-0.243926,
-0.015799,
0.335088,
-0.301137,
-0.069253,
0.190003,
-0.234138,
0.018519,
0.110317,
-0.126679,
0.049900,
0.182907,
-0.187357,
-0.000777,
0.053474,
-0.123620,
0.090546,
-0.004422,
0.035269,
0.065291,
-0.033055,
0.011280,
0.059466,
-0.048198,
-0.026607,
0.021177,
-0.043611,
0.014619,
0.067441,
-0.122674,
-0.059879,
0.007189,
-0.144087,
-0.107668,
-0.049905,
-0.003960,
0.033359,
0.073742,
-0.059565,
-0.023210,
0.015719,
-0.066485,
-0.052524,
-0.027351,
0.338051,
0.217017,
0.131858,
0.424102,
0.257675,
0.178228,
0.300166,
0.135192,
0.075485,
-0.198144,
-0.210312,
-0.178020,
-0.181406,
-0.233506,
-0.168852,
0.007651,
-0.093896,
-0.053001,
-0.213172,
-0.061949,
0.007573,
-0.227180,
-0.097747,
0.002331,
-0.123454,
-0.064452,
0.000611,
-0.044677,
-0.003278,
0.035020,
-0.120664,
-0.053406,
0.003659,
-0.144080,
-0.075560,
-0.027200,
0.004194,
0.044250,
0.100827,
-0.068130,
-0.001414,
0.076362,
-0.110327,
-0.045900,
0.027217,
0.069496,
0.087883,
0.123239,
0.051970,
0.098837,
0.155478,
0.011193,
0.058003,
0.116190,
0.043384,
0.167079,
0.055386,
0.008783,
0.158949,
0.066300,
-0.053340,
0.081298,
-0.001825,
0.021875,
0.173220,
0.055201,
-0.090086,
0.070863,
-0.007464,
-0.146372,
-0.021738,
-0.081736,
-0.001546,
0.130295,
0.024309,
-0.117082,
0.012939,
-0.047544,
-0.140349,
-0.054500,
-0.091374,
0.072193,
-0.006800,
-0.023898,
-0.459221,
-0.426072,
-0.330061,
0.248087,
0.330511,
0.381814,
0.502527,
0.400986,
0.331399,
-0.220817,
-0.207650,
-0.169073,
-0.391589,
-0.315513,
-0.229509,
-0.085290,
-0.173518,
-0.213195,
0.409059,
0.369410,
0.319310,
-0.060306,
-0.056665,
-0.040169,
-0.198781,
-0.222910,
-0.209360,
0.207769,
0.157959,
0.206838,
0.244998,
0.228960,
0.203280,
-0.115926,
-0.071069,
-0.099858,
-0.498871,
-0.519470,
-0.414998,
0.314693,
0.265944,
0.290337,
0.391611,
0.450938,
0.357584,
-0.239519,
-0.247089,
-0.188528,
-0.102896,
-0.168110,
-0.102175,
-0.048321,
0.011192,
-0.019093,
-0.019052,
0.051757,
0.019132,
-0.039957,
0.017816,
-0.018316,
0.004488,
0.075637,
0.024088,
0.046555,
0.129338,
0.069694,
0.004730,
0.067893,
0.010914,
-0.018106,
0.038821,
-0.031678,
0.002218,
0.065303,
-0.013729,
-0.022834,
0.024155,
-0.049012,
0.498742,
-0.096931,
-0.546517,
0.527202,
-0.130101,
-0.593614,
0.377018,
-0.035591,
-0.371747,
0.123257,
-0.013202,
-0.120896,
0.048471,
0.033464,
0.045535,
-0.129446,
0.007669,
0.107864,
-0.357653,
0.083395,
0.364853,
-0.557810,
0.093276,
0.565719,
-0.558995,
0.075259,
0.525556,
0.040439,
-0.021208,
0.052968,
0.019820,
-0.037942,
0.051013,
0.026306,
-0.020567,
0.053443,
0.026733,
-0.054297,
0.032732,
0.019764,
-0.062604,
0.040788,
0.032881,
-0.033278,
0.054913,
-0.010894,
-0.079774,
-0.011561,
-0.021597,
-0.095652,
-0.011782,
-0.001639,
-0.058263,
0.014401,
0.005834,
0.017292,
-0.018463,
0.008224,
0.018510,
-0.021218,
0.003513,
0.015625,
-0.017967,
0.004537,
0.014459,
-0.020845,
0.008418,
0.016909,
-0.024787,
0.003188,
0.013871,
-0.021123,
-0.002126,
0.011398,
-0.013530,
0.000672,
0.013203,
-0.017525,
-0.003389,
0.011131,
-0.015484,
0.009748,
0.082897,
0.073164,
0.017372,
0.123294,
0.122481,
0.031750,
0.125050,
0.123400,
-0.069320,
-0.026084,
-0.033302,
-0.068613,
0.013613,
0.016404,
-0.019572,
0.069035,
0.068613,
-0.086722,
-0.089129,
-0.097490,
-0.068285,
-0.040510,
-0.043733,
-0.009849,
0.033119,
0.022007,
0.193491,
0.227609,
0.214058,
-0.462980,
-0.512103,
-0.390184,
0.273603,
0.246100,
0.169310,
0.317495,
0.372714,
0.348739,
-0.756107,
-0.767034,
-0.634819,
0.435497,
0.424344,
0.344122,
0.150565,
0.177077,
0.146445,
-0.422128,
-0.435840,
-0.366389,
0.272914,
0.246713,
0.178498,
-0.019751,
-0.082095,
-0.111815,
0.358967,
0.298109,
0.305870,
-0.123030,
-0.114801,
-0.099926,
0.392256,
0.313402,
0.288203,
-0.119060,
-0.143564,
-0.055673,
-0.339426,
-0.277873,
-0.230627,
0.132271,
0.044149,
0.046631,
-0.379455,
-0.390445,
-0.315867,
0.153110,
0.250226,
0.213212,
0.199578,
0.202809,
0.204050,
0.125171,
0.114486,
0.157869,
-0.137741,
-0.140272,
-0.137666,
0.205021,
0.191601,
0.237097,
-0.434249,
-0.438778,
-0.361424,
-0.086806,
-0.081870,
-0.111077,
-0.133718,
-0.178816,
-0.127958,
-0.100971,
-0.110020,
-0.110814,
0.348057,
0.368000,
0.262638,
0.004404,
0.014432,
-0.015927,
0.006083,
0.015215,
-0.017862,
0.002622,
0.013191,
-0.014353,
0.003815,
0.012444,
-0.018230,
0.006814,
0.014390,
-0.020945,
0.002502,
0.012026,
-0.016932,
-0.001920,
0.009590,
-0.012386,
0.000535,
0.011440,
-0.014822,
-0.002968,
0.009633,
-0.012321,
0.028593,
-0.087463,
0.049349,
0.048826,
-0.115950,
0.047256,
0.036991,
-0.088272,
0.068881,
0.082489,
-0.110441,
0.027908,
0.107555,
-0.146610,
0.018828,
0.077088,
-0.116574,
0.047721,
0.055406,
-0.073035,
0.041721,
0.073143,
-0.103423,
0.035335,
0.030829,
-0.088121,
0.054934,
-0.253463,
-0.208258,
-0.215223,
-0.397656,
-0.338071,
-0.327265,
-0.228203,
-0.182372,
-0.184436,
0.370186,
0.342215,
0.295950,
0.582385,
0.558649,
0.491790,
0.403932,
0.373363,
0.333418,
-0.094234,
-0.123766,
-0.081072,
-0.246501,
-0.265556,
-0.196098,
-0.146701,
-0.175025,
-0.102616,
0.012759,
0.029351,
0.053517,
0.378183,
0.275208,
0.222167,
-0.188814,
-0.315748,
-0.386567,
-0.397353,
-0.289109,
-0.196817,
0.190458,
0.144631,
0.180141,
0.424332,
0.276994,
0.190281,
-0.051617,
0.119329,
0.163530,
-0.435114,
-0.371863,
-0.267412,
0.117247,
0.061837,
0.052321,
-0.126292,
-0.041410,
-0.056206,
-0.098122,
0.000044,
-0.028448,
-0.014479,
0.069798,
0.025119,
-0.100624,
-0.012034,
-0.043329,
-0.052201,
0.043603,
-0.002627,
0.038089,
0.111874,
0.054499,
-0.025605,
0.056233,
0.002423,
0.009083,
0.086341,
0.017672,
0.043251,
0.090528,
0.017901,
0.194194,
0.166623,
0.172682,
-0.169554,
-0.134369,
-0.150403,
-0.371402,
-0.253300,
-0.247901,
0.117047,
0.032347,
0.079337,
0.485237,
0.455513,
0.429826,
-0.100103,
-0.042958,
-0.065884,
-0.347471,
-0.403536,
-0.327807,
0.033592,
-0.010635,
0.002468,
0.169251,
0.178530,
0.123973,
-0.285386,
-0.207053,
-0.168001,
-0.391555,
-0.289472,
-0.247406,
-0.234040,
-0.167567,
-0.135118,
0.042821,
0.039956,
-0.012511,
0.026321,
0.023776,
-0.065978,
0.027369,
0.010242,
-0.062802,
0.247153,
0.213201,
0.197775,
0.367417,
0.304886,
0.240817,
0.218800,
0.167331,
0.130922,
-0.105459,
0.069509,
0.020648,
-0.209216,
-0.021066,
-0.048597,
-0.259572,
-0.149170,
-0.176172,
-0.051777,
0.177165,
0.145159,
-0.183979,
0.075169,
0.055712,
-0.283607,
-0.100468,
-0.129625,
-0.016370,
0.173367,
0.142029,
-0.059726,
0.160385,
0.120684,
-0.120772,
0.051173,
0.002037,
-0.164525,
-0.251418,
-0.164915,
0.079080,
0.023634,
0.039894,
0.109584,
0.165831,
0.166279,
-0.391398,
-0.443779,
-0.385855,
0.091950,
0.066731,
0.055654,
0.287625,
0.376057,
0.333064,
-0.278281,
-0.314556,
-0.278391,
0.011241,
-0.016095,
-0.039230,
0.277952,
0.340910,
0.293810,
-0.171075,
-0.136630,
-0.070666,
-0.112276,
-0.048310,
0.035844,
-0.060710,
-0.001189,
0.067141,
-0.101895,
-0.049658,
0.039912,
-0.027518,
0.056949,
0.157974,
0.015901,
0.082443,
0.158753,
-0.010144,
0.032116,
0.098533,
0.050523,
0.112893,
0.174201,
0.042305,
0.077545,
0.109877,
-0.506319,
0.103948,
0.484540,
-0.587012,
0.089812,
0.556599,
-0.471754,
0.042044,
0.396859,
-0.056083,
-0.032470,
0.030447,
0.029250,
-0.040017,
0.010717,
0.091351,
-0.016328,
-0.022016,
0.450384,
-0.048503,
-0.386693,
0.618966,
-0.124565,
-0.555914,
0.527321,
-0.084491,
-0.474413,
-0.010478,
0.010545,
0.052422,
-0.057798,
-0.029730,
0.015792,
-0.057372,
-0.044388,
-0.018234,
-0.015231,
0.019321,
0.088297,
-0.057387,
-0.011635,
0.064990,
-0.057682,
-0.027905,
0.028337,
-0.014375,
0.000861,
0.064152,
-0.035252,
-0.004963,
0.068959,
-0.029012,
-0.008531,
0.051140,
0.006980,
-0.003842,
-0.060521,
0.034529,
0.004707,
-0.062303,
0.082971,
0.061008,
-0.007576,
0.335074,
0.254684,
0.221256,
0.435524,
0.354327,
0.337333,
0.239784,
0.151332,
0.135248,
-0.295651,
-0.271151,
-0.158213,
-0.479305,
-0.420314,
-0.244477,
-0.282116,
-0.249368,
-0.131968,
0.026236,
0.105496,
0.149362,
0.138632,
0.218841,
0.263761,
0.122332,
0.179438,
0.204234,
0.090457,
0.042628,
0.037291,
0.014245,
-0.041645,
-0.017550,
-0.088037,
-0.151712,
-0.140836,
-0.007845,
-0.077380,
-0.105405,
-0.092634,
-0.172698,
-0.186647,
-0.116797,
-0.175027,
-0.207220,
0.180503,
0.171405,
0.106543,
0.316878,
0.334481,
0.289160,
0.226134,
0.223896,
0.145165,
-0.420839,
-0.403954,
-0.335826,
-0.711170,
-0.649015,
-0.521331,
-0.446660,
-0.397233,
-0.341079,
0.253650,
0.221329,
0.184638,
0.377313,
0.356510,
0.314850,
0.210526,
0.184202,
0.139526,
-0.000291,
0.000006,
0.000604,
-0.000705,
-0.000372,
0.000266,
-0.000780,
-0.000745,
-0.000331,
-0.000277,
0.000227,
0.001214,
-0.000832,
-0.000275,
0.000775,
-0.001129,
-0.000901,
-0.000104,
-0.000078,
0.000208,
0.001221,
-0.000285,
0.000069,
0.001160,
-0.000506,
-0.000403,
0.000500,
-0.029338,
-0.262325,
0.223724,
0.028009,
-0.313937,
0.261427,
0.032423,
-0.251915,
0.227353,
0.142495,
-0.327008,
0.178084,
0.217518,
-0.417526,
0.156923,
0.175958,
-0.337064,
0.159637,
0.151802,
-0.225598,
0.100643,
0.239101,
-0.304611,
0.073060,
0.168153,
-0.229444,
0.106203,
0.066476,
0.112868,
0.151283,
-0.071786,
-0.135064,
-0.125046,
0.061935,
-0.026882,
-0.056810,
0.289752,
0.376245,
0.406089,
-0.193663,
-0.237203,
-0.211043,
-0.118686,
-0.203090,
-0.222132,
0.355242,
0.451502,
0.468316,
-0.108248,
-0.120704,
-0.103059,
-0.252162,
-0.283360,
-0.298063,
0.009233,
-0.003426,
0.017059,
0.006850,
-0.008750,
0.016416,
0.013235,
-0.003518,
0.018171,
0.009347,
-0.007245,
0.016526,
-0.002448,
-0.021528,
0.008290,
0.003346,
-0.016941,
0.008808,
0.003102,
-0.012781,
0.006811,
-0.017351,
-0.034176,
-0.009252,
-0.013408,
-0.029287,
-0.007710,
-0.386591,
0.081774,
0.387409,
0.117928,
-0.077341,
-0.161558,
0.626142,
-0.103749,
-0.524082,
-0.545657,
0.107352,
0.615620,
0.058769,
-0.014467,
0.022111,
0.593166,
-0.183810,
-0.650062,
-0.658215,
0.019625,
0.555600,
-0.103724,
0.051055,
0.192507,
0.420162,
-0.016836,
-0.373966,
0.026971,
0.029700,
0.001229,
0.036572,
0.022150,
-0.015273,
0.016483,
0.006116,
-0.026618,
0.031419,
0.009091,
-0.025998,
0.050210,
0.007646,
-0.039615,
0.022783,
-0.007298,
-0.046634,
-0.000231,
-0.010652,
-0.031575,
0.005312,
-0.019551,
-0.048371,
-0.019385,
-0.029015,
-0.052180,
0.024339,
0.023804,
0.006265,
0.021725,
0.008798,
-0.017789,
0.014858,
0.002008,
-0.026950,
0.022759,
0.012781,
-0.009591,
0.020053,
-0.002735,
-0.035084,
0.009875,
-0.008548,
-0.040365,
0.011123,
0.009225,
-0.007693,
0.003140,
-0.005931,
-0.030530,
-0.009151,
-0.010347,
-0.033844,
0.034851,
-0.036930,
-0.031667,
0.073600,
-0.002294,
0.010456,
0.052263,
0.002228,
0.029841,
0.061213,
-0.020348,
-0.034493,
0.104657,
0.011459,
-0.000884,
0.092586,
0.034124,
0.042225,
0.002176,
-0.036671,
-0.050203,
0.044408,
-0.008548,
-0.022814,
0.045586,
0.015919,
0.016212,
0.009643,
0.041809,
-0.041418,
0.013312,
0.043969,
-0.047227,
0.003100,
0.037159,
-0.038980,
0.008366,
0.036466,
-0.048901,
0.016679,
0.042812,
-0.056007,
0.003920,
0.034612,
-0.046496,
-0.005991,
0.027959,
-0.035439,
0.001149,
0.033801,
-0.041648,
-0.010005,
0.027095,
-0.035507,
0.064681,
0.014320,
-0.064337,
0.099925,
0.035991,
-0.037045,
0.077213,
0.057920,
0.016627,
0.033504,
-0.038003,
-0.117501,
0.095115,
-0.005269,
-0.093040,
0.079037,
0.025157,
-0.036709,
-0.055621,
-0.070363,
-0.113318,
0.008689,
-0.036777,
-0.090127,
0.019944,
0.003288,
-0.038684,
-0.055384,
-0.109399,
-0.135775,
0.008786,
-0.067378,
-0.109095,
0.081057,
0.033268,
0.002099,
0.001409,
-0.053056,
-0.112739,
0.062451,
-0.006920,
-0.068583,
0.111870,
0.089434,
0.062460,
0.072483,
0.052258,
-0.020992,
0.093460,
0.066974,
0.005354,
0.072312,
0.091968,
0.078672,
-0.110232,
-0.088262,
-0.067297,
-0.170783,
-0.101335,
-0.040449,
-0.077095,
-0.017340,
0.021808,
-0.143542,
-0.063373,
0.056562,
-0.159690,
-0.027384,
0.130397,
-0.046698,
0.065545,
0.190305,
-0.053800,
0.003249,
0.137608,
-0.066003,
0.028053,
0.185797,
0.008580,
0.077284,
0.201177,
-0.167285,
-0.220925,
-0.140970,
0.411791,
0.401763,
0.343272,
-0.228433,
-0.168686,
-0.152964,
-0.386351,
-0.431561,
-0.345246,
0.680888,
0.656725,
0.593405,
-0.329455,
-0.273463,
-0.276494,
-0.272912,
-0.312559,
-0.246691,
0.436465,
0.400365,
0.361069,
-0.137014,
-0.099448,
-0.127908,
0.008710,
0.001751,
0.065560,
0.008068,
0.012497,
0.087682,
0.014333,
0.004334,
0.068565,
-0.008684,
-0.030670,
0.036214,
-0.009962,
-0.026631,
0.050416,
-0.010848,
-0.038475,
0.027892,
-0.002234,
-0.045092,
0.000433,
0.005161,
-0.039513,
0.012429,
0.000339,
-0.046061,
-0.001564,
-0.015709,
0.021343,
0.059984,
0.026417,
0.095886,
0.149981,
0.000256,
0.058078,
0.102733,
-0.032646,
0.004229,
0.039541,
0.008441,
0.078663,
0.124982,
-0.009226,
0.048281,
0.086378,
-0.048085,
-0.042588,
-0.027838,
-0.019617,
0.003201,
0.022318,
-0.017222,
0.000267,
0.012732,
-0.037099,
0.081705,
0.013324,
-0.002581,
0.132172,
0.048595,
0.063040,
0.164490,
0.074465,
-0.116348,
-0.018019,
-0.059700,
-0.068100,
0.060001,
-0.014290,
0.062996,
0.177275,
0.070759,
-0.141682,
-0.084327,
-0.100524,
-0.112723,
-0.020422,
-0.076033,
0.012620,
0.104077,
0.001947,
-0.128581,
0.158888,
-0.082287,
-0.132978,
0.250268,
-0.110928,
-0.124344,
0.149565,
-0.081824,
-0.084981,
0.238490,
-0.179068,
-0.087958,
0.348666,
-0.231868,
-0.087895,
0.237175,
-0.174373,
0.006313,
0.176404,
-0.169505,
-0.013944,
0.255484,
-0.236929,
0.000575,
0.188466,
-0.159488,
-0.149316,
0.360977,
-0.200089,
-0.202803,
0.469448,
-0.296890,
-0.118382,
0.312140,
-0.201057,
-0.250261,
0.482530,
-0.213155,
-0.311379,
0.632576,
-0.301411,
-0.240401,
0.436182,
-0.208821,
-0.239118,
0.291035,
-0.131209,
-0.315512,
0.425962,
-0.202242,
-0.199072,
0.319149,
-0.090500,
0.483908,
-0.099924,
-0.434446,
0.026860,
0.022076,
0.070540,
-0.575189,
0.050659,
0.469388,
0.649898,
-0.121945,
-0.590392,
0.045520,
-0.032928,
-0.004537,
-0.594591,
0.094706,
0.592578,
0.560490,
-0.024780,
-0.451160,
-0.003636,
-0.072616,
-0.089130,
-0.480225,
0.062744,
0.441961,
-0.127770,
-0.068815,
-0.064077,
-0.033609,
0.099448,
0.130601,
-0.071814,
0.049560,
0.081412,
-0.211949,
-0.137652,
-0.096766,
-0.086717,
0.078877,
0.156927,
-0.101607,
0.067907,
0.144427,
-0.149807,
-0.116925,
-0.088242,
-0.079772,
0.031288,
0.096382,
-0.081537,
0.046945,
0.117674,
0.038913,
0.010659,
-0.020341,
0.046457,
-0.004949,
-0.047760,
0.012347,
-0.022371,
-0.054700,
0.052014,
0.007216,
-0.028881,
0.049076,
-0.017549,
-0.066550,
0.006970,
-0.036290,
-0.070174,
0.037194,
0.023742,
0.007992,
0.029479,
0.000869,
-0.028301,
-0.018919,
-0.023431,
-0.041375,
-0.100860,
0.083036,
0.118545,
-0.143826,
0.146317,
0.276341,
-0.130435,
0.061592,
0.091491,
-0.257395,
0.053158,
0.218263,
-0.308000,
0.124268,
0.385576,
-0.281563,
0.028522,
0.170289,
-0.233909,
-0.019480,
0.105698,
-0.319909,
-0.001321,
0.194135,
-0.235955,
-0.014904,
0.082359,
-0.451062,
-0.418914,
-0.359914,
0.103528,
0.096706,
0.098393,
0.204434,
0.156699,
0.150222,
-0.080759,
-0.061049,
-0.072527,
0.552831,
0.538005,
0.500413,
-0.151064,
-0.183086,
-0.170648,
0.194823,
0.201459,
0.163873,
-0.054089,
-0.066110,
-0.039770,
-0.302000,
-0.289379,
-0.244880,
0.023874,
0.058224,
-0.000729,
0.242405,
0.201616,
0.169047,
-0.239723,
-0.292267,
-0.201645,
0.046880,
0.084627,
0.009449,
0.456532,
0.443767,
0.422056,
-0.520105,
-0.527591,
-0.408212,
-0.000483,
0.034472,
-0.031726,
0.243396,
0.225217,
0.222319,
-0.245118,
-0.248634,
-0.167770,
0.368770,
0.289877,
0.308558,
-0.143699,
-0.222432,
-0.166496,
-0.106757,
-0.126202,
-0.133960,
-0.183363,
-0.244762,
-0.180465,
-0.385587,
-0.398672,
-0.349641,
0.210974,
0.265112,
0.227989,
-0.086723,
-0.142975,
-0.105509,
0.236522,
0.266041,
0.244415,
0.111209,
0.193981,
0.162284,
0.120722,
0.052768,
0.066506,
0.165013,
0.062650,
0.061029,
0.116616,
0.026642,
0.027112,
0.133827,
0.039859,
0.015525,
0.127484,
-0.005142,
-0.043782,
0.061068,
-0.045169,
-0.067768,
0.077841,
0.033701,
0.001151,
0.038521,
-0.030781,
-0.063712,
-0.020982,
-0.054111,
-0.066061,
-0.005733,
0.030302,
0.086370,
-0.059883,
-0.009939,
0.068188,
-0.099580,
-0.072623,
-0.009406,
0.069335,
0.129484,
0.179904,
0.008886,
0.077355,
0.152604,
-0.056325,
-0.021508,
0.046919,
0.011056,
0.036632,
0.054086,
-0.020967,
0.015624,
0.056489,
-0.058230,
-0.041322,
0.004428,
-0.052612,
-0.045469,
-0.005442,
-0.032875,
-0.007877,
0.042732,
-0.003432,
0.014040,
0.055733,
-0.024835,
-0.011632,
0.039936,
-0.002281,
0.033170,
0.091740,
0.021779,
0.049743,
0.096295,
-0.037484,
-0.037440,
0.006119,
-0.022740,
-0.005762,
0.039263,
-0.008941,
0.000816,
0.032204,
0.061010,
0.133774,
0.180303,
-0.372735,
-0.390714,
-0.329057,
0.167829,
0.100940,
0.088361,
-0.423712,
-0.352515,
-0.309095,
0.156811,
0.143084,
0.127160,
0.338382,
0.277605,
0.263970,
0.000999,
0.014318,
0.000018,
0.443726,
0.404028,
0.355046,
-0.346298,
-0.388661,
-0.354418,
