0.176605,
0.288669,
0.130138,
-0.129803,
0.154433,
0.248053,
0.321727,
0.193119,
0.185763,
-0.074722,
-0.090387,
0.215264,
0.146732,
0.236877,
0.139333,
-0.466619,
-0.297883,
0.059685,
0.102853,
0.041309,
-0.384369,
-0.420915,
-0.516045,
-0.317894,
-0.109620,
0.026821,
0.332864,
0.310966,
0.304441,
0.249816,
0.253782,
0.014098,
0.084043,
0.082828,
0.139782,
0.116620,
-0.207687,
-0.252919,
0.073524,
0.162209,
0.074093,
-0.349040,
-0.380988,
-0.313018,
-0.118595,
-0.127948,
-0.307916,
-0.220477,
-0.023161,
0.107871,
-0.070017,
0.242563,
0.068761,
-0.147233,
-0.208764,
0.070322,
0.125588,
0.278245,
-0.057139,
-0.273536,
-0.377732,
0.121458,
0.388086,
0.043311,
0.012498,
-0.335892,
-0.135708,
0.125604,
0.169685,
0.230949,
-0.097886,
-0.244882,
0.058494,
0.274778,
0.210100,
-0.054377,
-0.316223,
-0.509967,
-0.303637,
-0.193029,
-0.015603,
-0.086935,
-0.489858,
-0.386668,
-0.368123,
0.333189,
0.044377,
0.043016,
0.038572,
0.194133,
0.410861,
0.355033,
0.324179,
0.305997,
0.052952,
-0.116809,
0.215644,
0.139396,
0.247268,
0.212031,
0.271003,
0.142365,
-0.036754,
-0.131972,
-0.138464,
0.328255,
0.265547,
-0.073572,
-0.281065,
-0.302077,
0.305818,
0.011160,
0.034049,
-0.437350,
-0.060805,
0.404597,
0.026550,
-0.285916,
-0.116735,
-0.128510,
0.300192,
0.089318,
-0.087710,
-0.242554,
0.027395,
-0.141685,
-0.345467,
-0.121046,
-0.344822,
-0.234735,
-0.226247,
-0.381136,
-0.144012,
-0.345808,
-0.351690,
-0.521790,
-0.186036,
-0.090569,
-0.224453,
-0.486427,
-0.214988,
-0.149859,
-0.339671,
-0.307754,
-0.435975,
-0.150758,
-0.320036,
-0.356184,
-0.343353,
-0.520243,
