0.033853,
-0.012038,
0.009347,
0.071199,
-0.085958,
0.064448,
-0.000358,
0.023903,
-0.000000,
-0.037699,
-0.046388,
0.015881,
-0.059738,
0.012467,
0.057097,
-0.054767,
0.026792,
-0.021241,
-0.024951,
0.000000,
-0.007188,
0.007965,
0.013605,
-0.000000,
0.025728,
-0.043613,
-0.048971,
-0.000000,
-0.103359,
-0.056510,
0.023717,
0.054834,
0.044591,
-0.015346,
0.003315,
-0.000000,
-0.068926,
-0.025973,
0.008918,
-0.000000,
-0.024561,
-0.030467,
-0.026405,
-0.037654,
-0.031883,
-0.015659,
0.019983,
-0.045071,
-0.069937,
0.015519,
-0.005098,
-0.000000,
0.000000,
0.043615,
0.020214,
-0.045193,
0.030985,
-0.056062,
-0.000203,
-0.002562,
-0.038785,
0.011358,
-0.039737,
0.030040,
0.032270,
-0.093688,
-0.023028,
-0.027352,
0.047567,
-0.039344,
-0.054265,
0.034139,
0.011903,
0.014585,
-0.000519,
-0.064924,
0.018947,
-0.052714,
-0.000000,
0.019734,
-0.045778,
-0.000001,
-0.057035,
-0.000009,
-0.034971,
-0.063078,
-0.000000,
0.069717,
-0.000042,
0.024427,
0.017357,
-0.083607,
0.027031,
0.002469,
-0.034055,
-0.000000,
-0.000417,
-0.000524,
-0.007798,
-0.033587,
-0.054652,
-0.028894,
-0.024021,
0.032974,
-0.000000,
0.031537,
-0.046606,
-0.042264,
0.038419,
0.053189,
-0.000002,
0.023653,
-0.026029,
-0.000012,
-0.081504,
-0.003456,
0.059452,
0.068197,
0.017630,
-0.014316,
