-0.000000,
0.033562,
0.020732,
-0.058659,
-0.006939,
0.074434,
0.044893,
0.000000,
0.017458,
0.127616,
-0.000000,
0.138590,
0.048720,
-0.000263,
0.065631,
0.031639,
0.064363,
0.000000,
0.017657,
-0.013170,
0.039016,
0.016255,
-0.027545,
0.038310,
0.076254,
0.001231,
0.057936,
0.066464,
0.080783,
-0.071090,
0.092812,
0.020528,
-0.037860,
0.102376,
-0.014063,
0.112588,
0.072559,
-0.007306,
0.025440,
-0.063133,
-0.031592,
-0.029904,
0.008342,
-0.072802,
-0.008342,
0.091677,
-0.000000,
-0.048014,
0.027773,
0.006938,
0.000000,
-0.003269,
-0.008862,
-0.028479,
0.011395,
-0.010646,
0.067389,
-0.000054,
-0.077765,
-0.014566,
0.117254,
0.017473,
0.086589,
-0.000000,
0.116043,
0.037329,
-0.000000,
-0.012267,
-0.000632,
-0.064334,
0.087091,
-0.062585,
0.092431,
-0.000001,
0.099816,
0.111414,
0.090861,
0.013453,
0.120236,
0.065808,
0.108333,
0.107838,
0.017877,
-0.053383,
