0.014419,
0.088083,
0.096405,
0.054386,
0.036916,
0.146258,
0.001294,
0.172350,
0.181902,
0.021871,
0.029975,
0.158145,
0.068135,
0.000855,
0.042659,
0.000011,
0.090075,
0.014179,
0.031568,
0.044259,
0.008102,
0.015558,
0.047249,
0.000202,
0.008621,
0.017662,
0.046088,
0.111106,
0.051972,
0.138558,
0.000910,
0.038348,
0.009831,
0.070988,
0.126145,
0.076191,
0.000559,
0.003623,
0.085777,
0.085979,
0.102107,
0.013098,
0.037341,
0.120749,
0.033342,
0.061923,
0.029202,
0.000964,
0.131545,
0.068309,
0.015302,
0.112803,
0.113301,
0.124727,
0.050306,
0.109226,
0.079848,
0.023629,
0.075919,
0.076317,
0.031430,
0.013271,
0.004828,
0.031904,
0.106709,
0.009618,
0.108623,
0.002256,
0.005567,
0.000183,
0.000838,
0.122338,
0.103810,
0.027912,
0.131209,
0.043601,
0.019782,
0.142781,
0.089169,
0.009703,
0.017588,
0.091490,
0.022980,
0.021343,
0.000721,
0.000698,
0.030324,
0.023758,
0.069452,
0.006537,
0.025325,
0.008121,
0.022987,
0.002042,
0.080032,
0.005458,
0.119284,
0.011795,
0.014448,
0.046770,
0.000047,
0.091417,
0.055429,
0.102889,
0.026933,
0.035630,
0.001441,
0.002672,
0.035681,
0.116774,
0.020031,
0.113784,
0.002775,
0.012667,
0.001068,
0.015162,
0.010079,
0.094523,
0.007798,
0.004201,
0.137977,
0.016334,
0.159107,
0.008269,
0.001530,
0.020229,
0.063554,
0.059880,
0.098278,
0.075366,
0.022839,
0.139139,
0.032088,
0.003310,
0.009363,
0.056614,
0.087893,
0.083861,
0.027060,
0.000814,
0.168340,
0.109519,
0.000961,
0.060856,
0.046789,
0.079420,
0.089028,
0.100942,
0.046469,
0.005568,
0.004929,
0.131130,
0.001978,
0.001858,
0.004692,
0.004011,
0.036294,
0.052393,
0.140403,
0.060984,
0.022160,
0.000077,
0.000237,
0.120119,
0.059181,
0.112699,
0.017294,
0.003911,
0.009887,
0.121662,
0.051972,
0.054089,
0.001871,
0.042356,
0.010201,
0.141206,
0.047553,
0.000354,
0.044648,
0.201949,
0.066445,
0.000683,
0.078432,
0.046358,
0.000012,
0.097852,
0.048189,
0.011048,
0.171256,
0.052679,
0.148698,
0.002104,
0.036424,
0.006293,
0.009119,
0.004825,
0.017782,
0.012764,
0.000251,
0.039052,
0.072130,
0.000985,
0.068513,
0.029000,
0.034343,
0.060059,
0.077467,
0.077130,
0.061518,
0.092528,
0.054806,
0.002010,
0.002226,
0.000564,
0.001310,
0.037637,
0.072529,
0.018061,
0.047006,
0.080596,
0.148522,
0.009012,
0.039448,
0.006637,
0.166103,
0.000001,
0.000845,
0.029093,
0.110207,
0.004068,
0.036519,
0.142882,
0.043879,
0.062151,
0.041750,
0.040161,
0.035311,
0.000940,
0.062548,
0.036974,
0.019114,
0.020870,
0.016878,
0.025541,
0.004946,
0.110916,
0.050387,
0.085286,
0.049652,
0.017098,
0.025138,
0.048173,
0.005405,
0.013347,
0.012480,
0.005791,
0.071724,
0.035230,
0.010863,
0.108965,
0.003687,
0.025015,
0.067949,
0.009059,
0.022148,
0.087531,
0.022131,
0.104027,
0.146389,
0.036055,
0.012038,
0.137219,
0.044008,
0.031133,
0.035398,
0.137750,
0.160402,
0.172824,
0.012347,
0.000086,
0.128100,
0.041478,
0.000998,
0.204145,
0.160441,
0.067894,
0.012048,
0.081747,
0.010322,
0.001966,
0.002621,
0.001869,
0.004685,
0.074617,
0.015187,
0.000773,
0.005059,
0.029944,
0.001348,
0.002080,
0.003349,
0.034654,
0.074291,
0.000216,
0.003864,
0.033462,
0.001400,
0.099350,
0.013129,
0.011814,
0.000124,
0.060090,
0.084433,
0.037444,
0.000005,
0.020756,
0.048029,
0.001290,
0.032685,
0.115466,
0.121087,
0.065332,
0.228529,
0.024201,
0.022045,
0.010884,
0.098686,
0.000684,
0.019936,
0.032351,
0.000219,
0.009172,
0.170316,
0.094484,
0.028068,
0.000418,
0.059749,
0.021443,
0.028358,
0.000265,
0.000021,
0.000017,
0.046227,
0.054688,
0.149909,
0.041840,
0.006858,
0.012389,
0.147478,
0.099924,
0.000028,
0.108482,
0.129092,
0.034589,
0.041642,
0.017983,
0.039476,
0.020945,
0.077767,
0.100995,
0.030588,
0.001197,
0.073342,
0.009076,
0.072569,
0.003141,
0.007534,
0.000309,
0.015899,
0.083670,
0.020959,
0.036903,
0.045042,
0.004611,
0.056354,
0.130005,
0.119774,
0.020440,
0.064331,
0.016563,
0.032877,
0.030776,
0.002186,
0.034899,
0.006914,
0.006819,
0.074584,
0.004640,
0.070580,
0.003790,
0.058139,
0.009194,
0.009218,
0.045713,
0.005678,
0.056303,
0.083887,
0.032192,
0.000477,
0.001438,
0.085733,
0.041559,
0.024766,
0.010940,
0.021158,
0.103324,
0.001502,
0.071236,
0.088085,
0.158382,
0.142108,
0.020885,
0.010049,
0.009071,
0.053551,
0.128454,
0.004000,
0.005661,
0.030974,
0.101980,
0.032774,
0.048675,
0.012249,
0.045270,
0.081097,
0.000718,
0.008886,
0.034874,
0.064094,
0.000047,
0.122936,
0.062132,
0.010377,
0.052953,
0.098857,
0.009463,
0.070165,
0.010959,
0.003455,
0.014260,
0.143744,
0.007098,
0.000164,
0.080299,
0.069113,
0.000000,
0.014705,
0.183056,
0.070937,
0.114502,
0.029618,
0.056969,
0.001510,
0.015315,
0.006061,
0.021842,
0.048405,
0.171277,
0.056752,
0.015558,
0.061287,
0.123773,
0.059908,
0.010442,
0.010557,
0.070348,
0.032660,
0.025915,
0.005966,
0.095279,
0.056330,
0.000397,
0.008490,
0.000052,
0.032433,
0.019334,
0.001392,
0.015560,
0.001664,
0.037887,
0.103483,
0.103611,
0.042384,
0.000559,
0.068266,
0.152375,
0.013797,
0.041220,
0.145684,
0.041528,
0.015135,
0.014285,
0.016616,
0.016083,
0.008636,
0.094711,
0.008894,
0.062709,
0.039722,
0.027122,
0.009539,
0.039509,
0.112105,
0.012690,
0.032358,
0.024583,
0.042653,
0.023238,
0.078776,
0.018934,
0.000005,
0.017529,
