31,
21,
22,
61,
169,
60,
209,
7,
171,
95,
92,
49,
202,
106,
38,
240,
154,
16,
94,
182,
192,
198,
19,
72,
82,
16,
101,
31,
74,
74,
70,
177,
43,
188,
87,
235,
108,
250,
231,
185,
188,
119,
91,
154,
250,
216,
31,
74,
4,
41,
39,
6,
183,
215,
6,
64,
200,
11,
119,
129,
138,
175,
45,
122,
211,
241,
164,
4,
250,
49,
91,
76,
133,
123,
128,
103,
35,
89,
34,
174,
169,
229,
207,
182,
245,
40,
211,
46,
173,
123,
211,
33,
19,
223,
141,
142,
255,
141,
219,
28,
166,
18,
133,
169,
46,
119,
39,
158,
151,
31,
161,
103,
48,
186,
169,
236,
248,
200,
97,
142,
169,
68,
13,
88,
60,
164,
79,
139,
178,
250,
58,
255,
125,
199,
250,
139,
91,
218,
51,
211,
197,
187,
168,
12,
92,
76,
178,
182,
41,
214,
211,
168,
75,
219,
74,
96,
74,
228,
215,
60,
124,
32,
141,
0,
229,
32,
174,
129,
113,
81,
55,
173,
251,
223,
97,
223,
250,
242,
20,
207,
49,
224,
251,
181,
230,
114,
246,
144,
250,
5,
78,
87,
95,
38,
118,
174,
66,
32,
125,
191,
82,
4,
11,
76,
197,
195,
44,
172,
174,
11,
248,
58,
134,
214,
185,
129,
89,
74,
185,
211,
126,
178,
107,
75,
91,
205,
144,
246,
98,
228,
160,
230,
241,
186,
92,
162,
66,
4,
74,
62,
109,
188,
111,
6,
49,
188,
125,
22,
183,
66,
93,
183,
123,
124,
125,
114,
207,
22,
254,
216,
170,
196,
130,
36,
216,
236,
68,
236,
60,
6,
206,
8,
138,
70,
88,
230,
184,
178,
42,
150,
28,
223,
101,
34,
204,
202,
237,
29,
77,
229,
252,
50,
180,
223,
53,
71,
63,
4,
69,
95,
241,
97,
200,
62,
72,
199,
139,
36,
215,
63,
66,
14,
102,
199,
182,
103,
61,
3,
222,
185,
118,
110,
139,
97,
207,
126,
242,
87,
190,
250,
42,
182,
170,
107,
137,
34,
138,
185,
144,
236,
153,
22,
42,
229,
108,
183,
19,
202,
225,
241,
24,
57,
10,
36,
88,
238,
36,
82,
121,
74,
220,
153,
142,
202,
39,
31,
173,
7,
237,
32,
214,
31,
101,
33,
139,
202,
150,
199,
219,
74,
122,
117,
158,
42,
61,
159,
20,
181,
122,
218,
202,
88,
183,
216,
93,
93,
86,
129,
188,
190,
90,
150,
82,
223,
27,
146,
103,
243,
163,
114,
196,
19,
18,
10,
226,
75,
169,
138,
229,
131,
176,
122,
162,
233,
121,
245,
60,
100,
167,
169,
71,
103,
151,
238,
61,
82,
178,
107,
228,
72,
6,
182,
196,
31,
230,
200,
133,
123,
57,
97,
212,
40,
91,
155,
253,
205,
71,
169,
252,
229,
52,
118,
181,
57,
58,
93,
178,
223,
162,
161,
243,
180,
33,
19,
74,
183,
123,
116,
158,
171,
122,
87,
229,
131,
19,
253,
59,
200,
134,
105,
165,
146,
13,
2,
153,
74,
192,
13,
123,
32,
144,
137,
137,
73,
122,
236,
101,
82,
188,
228,
151,
66,
204,
25,
236,
161,
39,
58,
96,
167,
253,
9,
129,
182,
12,
114,
168,
12,
138,
219,
200,
223,
163,
117,
243,
185,
234,
19,
223,
155,
123,
117,
62,
12,
25,
182,
102,
235,
229,
75,
52,
70,
253,
253,
46,
86,
121,
105,
186,
149,
117,
66,
92,
207,
49,
215,
169,
216,
110,
32,
49,
223,
98,
193,
218,
237,
149,
72,
228,
237,
18,
229,
171,
49,
192,
186,
106,
178,
77,
138,
188,
77,
97,
144,
62,
182,
15,
169,
129,
185,
200,
230,
158,
45,
185,
200,
75,
220,
252,
237,
68,
235,
102,
88,
231,
187,
90,
63,
122,
172,
2,
189,
183,
185,
210,
125,
178,
40,
19,
84,
211,
60,
19,
207,
22,
243,
139,
117,
152,
68,
166,
46,
207,
158,
241,
19,
245,
211,
95,
219,
62,
228,
167,
23,
216,
245,
1,
129,
144,
16,
72,
31,
7,
101,
67,
176,
225,
87,
224,
159,
55,
170,
36,
158,
185,
132,
42,
129,
249,
141,
231,
72,
181,
241,
206,
216,
10,
224,
140,
192,
12,
93,
215,
82,
223,
43,
168,
10,
5,
19,
225,
139,
208,
42,
49,
237,
137,
146,
228,
41,
117,
155,
66,
218,
252,
200,
119,
82,
176,
34,
125,
7,
88,
93,
12,
98,
88,
49,
17,
126,
148,
102,
185,
225,
164,
237,
229,
146,
42,
113,
87,
62,
121,
233,
1,
120,
156,
159,
178,
178,
13,
42,
241,
225,
124,
155,
211,
107,
89,
108,
76,
228,
154,
155,
184,
87,
225,
180,
231,
45,
49,
122,
63,
252,
82,
155,
97,
161,
103,
226,
22,
214,
44,
172,
97,
83,
82,
224,
160,
141,
143,
16,
45,
215,
188,
243,
110,
136,
46,
75,
191,
151,
247,
131,
76,
49,
111,
242,
137,
44,
141,
121,
110,
61,
149,
84,
3,
172,
97,
161,
180,
212,
40,
214,
180,
24,
47,
185,
58,
4,
69,
236,
82,
136,
74,
12,
89,
101,
124,
196,
244,
33,
211,
70,
139,
2,
10,
174,
20,
83,
183,
224,
151,
183,
24,
102,
95,
47,
119,
167,
250,
13,
86,
208,
248,
173,
37,
235,
68,
196,
145,
163,
217,
213,
130,
158,
147,
128,
136,
84,
253,
126,
242,
7,
233,
125,
126,
153,
58,
195,
47,
185,
147,
167,
2,
102,
178,
137,
44,
206,
155,
97,
43,
74,
167,
25,
74,
68,
33,
212,
38,
152,
121,
37,
75,
114,
34,
8,
106,
87,
111,
191,
251,
218,
218,
236,
142,
250,
7,
153,
70,
85,
236,
211,
172,
63,
86,
118,
131,
75,
89,
97,
139,
143,
137,
58,
163,
196,
101,
209,
236,
97,
129,
106,
191,
42,
171,
32,
110,
58,
169,
243,
145,
2,
91,
16,
183,
217,
31,
183,
185,
144,
77,
6,
176,
100,
94,
191,
42,
40,
27,
167,
62,
191,
64,
200,
98,
166,
88,
57,
110,
75,
93,
161,
224,
56,
219,
178,
100,
143,
63,
80,
110,
15,
126,
18,
79,
42,
254,
193,
61,
161,
196,
107,
200,
43,
166,
149,
70,
76,
122,
75,
186,
7,
96,
243,
57,
86,
136,
196,
31,
89,
79,
145,
180,
150,
117,
217,
125,
151,
117,
191,
166,
207,
221,
178,
129,
150,
18,
17,
80,
200,
129,
169,
227,
136,
32,
149,
185,
131,
42,
49,
99,
243,
249,
210,
2,
91,
234,
237,
250,
166,
206,
214,
87,
93,
191,
110,
117,
39,
198,
243,
70,
150,
79,
145,
137,
150,
249,
31,
236,
10,
40,
8,
159,
216,
98,
207,
196,
88,
35,
141,
218,
34,
117,
7,
196,
31,
99,
22,
252,
16,
168,
251,
10,
6,
252,
236,
145,
198,
205,
223,
42,
135,
236,
103,
4,
37,
79,
86,
158,
79,
39,
61,
16,
166,
98,
5,
33,
155,
211,
143,
102,
228,
219,
74,
68,
229,
97,
22,
199,
36,
35,
193,
82,
242,
100,
18,
255,
211,
33,
244,
40,
62,
12,
114,
254,
69,
40,
32,
139,
6,
157,
218,
89,
45,
1,
42,
93,
227,
166,
3,
47,
163,
101,
222,
36,
135,
32,
248,
100,
37,
235,
35,
165,
175,
75,
92,
216,
166,
69,
202,
223,
81,
196,
24,
183,
146,
196,
16,
50,
40,
126,
35,
39,
203,
171,
27,
149,
158,
54,
6,
2,
10,
237,
139,
155,
47,
64,
169,
207,
130,
161,
87,
95,
155,
154,
228,
82,
138,
218,
185,
76,
219,
180,
176,
202,
85,
166,
71,
229,
132,
103,
47,
239,
170,
254,
231,
39,
98,
228,
60,
100,
180,
171,
17,
40,
219,
88,
152,
178,
119,
94,
182,
91,
183,
2,
146,
39,
151,
45,
214,
228,
214,
71,
137,
92,
217,
138,
119,
211,
248,
55,
248,
208,
23,
89,
102,
22,
6,
148,
38,
207,
123,
165,
42,
182,
102,
166,
199,
185,
61,
149,
31,
87,
113,
66,
215,
160,
24,
55,
222,
159,
118,
178,
34,
205,
19,
0,
136,
200,
74,
6,
11,
161,
109,
141,
123,
55,
31,
113,
168,
134,
28,
242,
89,
101,
250,
243,
87,
124,
103,
60,
178,
62,
196,
165,
187,
145,
85,
97,
68,
114,
200,
0,
92,
19,
224,
231,
2,
129,
124,
35,
137,
233,
118,
226,
161,
129,
235,
93,
31,
153,
200,
26,
100,
95,
113,
4,
110,
251,
191,
26,
94,
178,
104,
180,
59,
207,
46,
180,
216,
93,
93,
64,
34,
73,
47,
104,
71,
166,
44,
49,
243,
179,
89,
199,
162,
129,
19,
250,
110,
89,
162,
173,
224,
185,
31,
130,
200,
166,
114,
5,
254,
144,
236,
41,
18,
82,
14,
68,
155,
248,
28,
180,
82,
156,
137,
94,
175,
210,
2,
39,
117,
198,
62,
86,
100,
181,
36,
191,
228,
90,
203,
116,
251,
229,
150,
140,
57,
175,
62,
159,
1,
149,
81,
196,
131,
57,
165,
236,
202,
144,
243,
104,
24,
67,
153,
171,
114,
180,
31,
65,
91,
49,
166,
52,
27,
93,
138,
86,
219,
187,
117,
19,
243,
144,
113,
92,
200,
193,
16,
202,
140,
73,
173,
161,
26,
16,
248,
72,
63,
71,
196,
49,
161,
199,
136,
16,
86,
229,
93,
251,
13,
225,
248,
167,
49,
159,
242,
223,
168,
251,
82,
35,
223,
124,
200,
73,
187,
9,
133,
3,
150,
32,
7,
30,
164,
183,
230,
158,
219,
229,
82,
150,
158,
195,
108,
166,
178,
76,
50,
123,
19,
23,
191,
94,
193,
212,
3,
44,
92,
4,
223,
238,
99,
72,
0,
49,
226,
207,
197,
196,
101,
19,
18,
34,
124,
53,
42,
117,
243,
136,
174,
161,
82,
45,
251,
13,
216,
75,
74,
119,
167,
124,
35,
2,
93,
36,
129,
154,
161,
155,
122,
237,
87,
123,
60,
7,
167,
40,
210,
19,
155,
87,
50,
196,
166,
108,
99,
108,
177,
57,
188,
100,
110,
167,
200,
79,
238,
141,
16,
144,
61,
22,
179,
65,
101,
19,
16,
216,
173,
85,
185,
146,
183,
126,
147,
200,
237,
253,
0,
230,
161,
86,
200,
159,
195,
151,
220,
186,
87,
76,
36,
148,
218,
200,
60,
52,
58,
139,
105,
88,
18,
226,
137,
6,
211,
205,
0,
141,
101,
222,
114,
45,
156,
121,
118,
206,
126,
182,
6,
244,
72,
105,
149,
161,
47,
230,
173,
169,
19,
74,
123,
251,
77,
176,
114,
