8,
389,
159,
159,
284,
129,
423,
389,
8,
389,
104,
284,
104,
159,
1,
275,
44,
423,
284,
284,
129,
212,
126,
347,
212,
440,
180,
118,
440,
501,
89,
507,
503,
504,
389,
159,
423,
284,
316,
423,
244,
129,
84,
389,
244,
275,
3,
3,
1,
284,
263,
504,
360,
52,
180,
118,
212,
208,
360,
51,
440,
130,
446,
305,
504,
504,
8,
44,
284,
244,
159,
159,
244,
423,
8,
508,
104,
159,
44,
1,
275,
389,
360,
258,
147,
222,
110,
226,
161,
276,
440,
180,
51,
52,
289,
161,
84,
84,
284,
431,
44,
44,
1,
1,
159,
159,
44,
112,
209,
508,
423,
316,
8,
212,
324,
475,
222,
230,
361,
463,
443,
217,
59,
301,
180,
180,
130,
198,
84,
129,
104,
275,
1,
244,
1,
159,
316,
316,
431,
342,
174,
504,
107,
51,
178,
29,
469,
59,
22,
442,
142,
502,
463,
192,
469,
496,
210,
37,
20,
115,
347,
20,
289,
208,
104,
159,
44,
44,
244,
159,
244,
190,
508,
210,
142,
362,
23,
362,
466,
372,
170,
305,
226,
346,
122,
483,
16,
374,
381,
180,
37,
276,
198,
390,
114,
366,
500,
275,
1,
275,
1,
159,
316,
208,
115,
198,
41,
457,
29,
101,
217,
301,
107,
133,
496,
385,
364,
469,
439,
377,
135,
301,
118,
276,
157,
122,
164,
461,
440,
44,
159,
1,
3,
104,
180,
161,
289,
76,
507,
366,
483,
469,
387,
133,
244,
130,
445,
442,
41,
469,
509,
444,
265,
385,
37,
130,
275,
475,
509,
133,
500,
104,
244,
159,
159,
431,
59,
446,
508,
129,
258,
443,
106,
192,
361,
352,
37,
107,
59,
307,
217,
443,
417,
137,
238,
463,
20,
501,
190,
276,
346,
263,
431,
8,
129,
500,
200,
75,
200,
129,
431,
347,
446,
502,
443,
463,
40,
345,
501,
440,
20,
442,
443,
307,
192,
128,
68,
238,
57,
301,
333,
381,
51,
159,
209,
84,
389,
170,
451,
75,
283,
316,
333,
129,
446,
161,
29,
361,
225,
483,
70,
508,
84,
385,
307,
475,
366,
29,
40,
164,
40,
324,
197,
41,
336,
275,
197,
159,
431,
276,
261,
174,
326,
275,
19,
197,
276,
261,
445,
192,
186,
446,
451,
284,
107,
502,
217,
346,
324,
469,
4,
162,
153,
345,
197,
31,
198,
70,
431,
159,
209,
389,
142,
1,
1,
501,
19,
28,
284,
271,
161,
364,
68,
126,
174,
84,
271,
483,
192,
192,
57,
443,
192,
4,
135,
4,
197,
502,
503,
19,
305,
130,
431,
44,
475,
208,
360,
44,
197,
449,
190,
118,
89,
261,
417,
263,
19,
212,
226,
307,
361,
101,
361,
122,
41,
31,
142,
346,
174,
381,
1,
19,
496,
122,
129,
44,
41,
364,
37,
174,
197,
3,
360,
263,
107,
475,
417,
503,
190,
501,
289,
147,
469,
483,
57,
390,
364,
41,
142,
261,
174,
301,
3,
19,
289,
29,
180,
84,
364,
289,
440,
449,
342,
360,
336,
157,
258,
381,
57,
76,
1,
503,
22,
307,
417,
307,
496,
22,
161,
475,
258,
130,
200,
107,
1,
112,
1,
29,
89,
37,
37,
388,
263,
431,
423,
180,
59,
59,
110,
496,
22,
3,
129,
347,
336,
390,
29,
135,
346,
110,
385,
446,
504,
76,
28,
244,
316,
333,
70,
346,
388,
129,
347,
442,
115,
372,
226,
507,
445,
364,
443,
110,
76,
372,
457,
210,
20,
128,
241,
16,
417,
445,
507,
440,
126,
180,
451,
209,
44,
431,
70,
133,
443,
118,
500,
336,
324,
387,
276,
133,
115,
208,
469,
230,
126,
301,
261,
385,
128,
140,
95,
350,
443,
20,
84,
284,
263,
504,
326,
197,
3,
431,
209,
76,
443,
305,
170,
501,
76,
461,
115,
381,
360,
19,
507,
4,
157,
501,
276,
466,
298,
257,
114,
31,
258,
244,
3,
316,
8,
212,
159,
174,
190,
209,
190,
503,
122,
157,
3,
475,
502,
361,
502,
170,
209,
112,
126,
41,
466,
307,
241,
377,
186,
54,
377,
241,
381,
76,
76,
210,
198,
161,
261,
174,
209,
209,
190,
37,
217,
126,
342,
28,
20,
276,
212,
70,
197,
174,
1,
446,
147,
219,
294,
204,
444,
16,
219,
16,
23,
101,
29,
23,
40,
162,
135,
70,
431,
70,
209,
180,
390,
451,
489,
489,
451,
133,
226,
133,
507,
170,
324,
457,
457,
241,
257,
68,
298,
137,
137,
298,
48,
298,
40,
455,
48,
164,
164,
388,
76,
1,
209,
159,
159,
342,
489,
449,
147,
241,
402,
444,
444,
455,
225,
164,
377,
164,
186,
377,
377,
48,
164,
377,
377,
68,
162,
402,
298,
225,
188,
188,
40,
157,
159,
301,
174,
489,
75,
118,
219,
68,
68,
298,
444,
68,
114,
164,
340,
204,
294,
340,
186,
164,
225,
137,
153,
40,
137,
68,
377,
298,
455,
416,
204,
4,
210,
210,
28,
489,
197,
362,
509,
68,
257,
257,
377,
225,
48,
164,
294,
340,
238,
238,
48,
377,
40,
153,
140,
40,
509,
68,
461,
217,
257,
294,
49,
164,
362,
210,
283,
75,
133,
16,
444,
137,
509,
95,
95,
114,
377,
48,
48,
95,
95,
225,
509,
16,
509,
377,
48,
294,
298,
4,
469,
345,
68,
294,
188,
294,
95,
29,
326,
451,
142,
350,
509,
455,
16,
455,
238,
225,
114,
455,
114,
377,
298,
340,
340,
455,
114,
340,
370,
238,
374,
374,
377,
298,
68,
294,
491,
215,
164,
377,
324,
275,
140,
509,
257,
402,
219,
16,
509,
225,
164,
164,
377,
444,
377,
164,
238,
340,
274,
238,
95,
439,
114,
49,
419,
298,
457,
164,
49,
186,
274,
48,
164,
417,
444,
49,
82,
186,
444,
137,
16,
402,
137,
241,
265,
402,
68,
225,
340,
215,
164,
153,
135,
4,
137,
186,
285,
238,
219,
444,
294,
48,
340,
164,
95,
238,
164,
82,
154,
416,
82,
188,
294,
114,
137,
153,
362,
128,
23,
444,
48,
48,
241,
469,
390,
502,
241,
82,
188,
351,
509,
137,
225,
48,
238,
238,
238,
186,
294,
82,
418,
188,
414,
188,
224,
81,
491,
114,
219,
463,
362,
402,
257,
225,
374,
466,
496,
466,
455,
54,
204,
256,
226,
113,
317,
349,
226,
178,
398,
412,
113,
412,
317,
113,
113,
236,
236,
91,
236,
412,
113,
226,
178,
138,
138,
152,
138,
475,
41,
122,
122,
266,
428,
202,
226,
268,
269,
317,
226,
412,
236,
269,
317,
268,
113,
268,
412,
91,
236,
398,
398,
113,
226,
398,
268,
442,
324,
445,
385,
324,
324,
122,
41,
266,
428,
167,
268,
178,
113,
113,
152,
398,
236,
236,
398,
398,
269,
178,
113,
398,
269,
412,
317,
269,
113,
222,
230,
60,
119,
202,
355,
222,
496,
110,
110,
41,
266,
483,
138,
268,
178,
226,
268,
236,
369,
91,
398,
236,
254,
212,
13,
113,
398,
269,
226,
113,
106,
410,
230,
230,
387,
35,
63,
391,
202,
41,
324,
475,
110,
388,
138,
269,
398,
269,
269,
412,
369,
317,
412,
317,
421,
28,
389,
269,
113,
147,
106,
509,
417,
496,
268,
269,
324,
388,
463,
60,
193,
469,
222,
475,
388,
57,
178,
442,
445,
226,
398,
412,
317,
398,
113,
317,
349,
375,
194,
324,
387,
409,
241,
96,
469,
412,
103,
194,
317,
222,
445,
428,
241,
241,
443,
385,
41,
266,
445,
266,
186,
345,
236,
349,
398,
349,
236,
317,
369,
138,
41,
147,
410,
23,
469,
387,
443,
13,
505,
349,
110,
324,
113,
469,
4,
455,
72,
41,
110,
57,
398,
222,
95,
350,
113,
236,
269,
317,
91,
412,
178,
388,
268,
490,
152,
410,
266,
167,
119,
349,
71,
356,
57,
41,
57,
325,
153,
509,
455,
469,
496,
122,
316,
385,
241,
103,
356,
412,
236,
194,
103,
338,
483,
385,
427,
146,
113,
106,
325,
202,
60,
4,
5,
338,
496,
352,
119,
69,
193,
16,
294,
415,
152,
496,
190,
51,
445,
508,
503,
317,
317,
349,
333,
28,
333,
490,
71,
490,
268,
202,
443,
345,
16,
176,
5,
259,
356,
41,
325,
202,
202,
29,
32,
49,
387,
496,
19,
317,
263,
3,
389,
226,
349,
483,
326,
449,
174,
338,
423,
245,
147,
113,
29,
106,
225,
202,
1,
125,
125,
445,
469,
324,
167,
352,
415,
274,
114,
325,
174,
147,
120,
209,
275,
369,
254,
57,
266,
19,
431,
505,
316,
431,
91,
138,
41,
443,
340,
103,
200,
84,
51,
483,
106,
57,
442,
410,
387,
509,
265,
96,
174,
222,
218,
333,
389,
254,
254,
178,
176,
508,
120,
269,
1,
200,
503,
412,
269,
269,
409,
125,
112,
503,
349,
167,
469,
443,
266,
410,
410,
193,
345,
265,
174,
266,
508,
112,
268,
152,
356,
317,
463,
383,
5,
503,
209,
283,
70,
490,
236,
269,
4,
84,
19,
120,
268,
202,
106,
193,
106,
445,
475,
167,
483,
193,
326,
138,
275,
197,
178,
483,
91,
194,
345,
152,
254,
197,
333,
1,
287,
146,
368,
445,
4,
84,
209,
259,
421,
178,
355,
57,
222,
268,
317,
222,
202,
266,
326,
252,
275,
190,
245,
469,
369,
5,
388,
369,
490,
283,
75,
375,
13,
103,
226,
442,
167,
218,
423,
125,
147,
202,
463,
167,
442,
178,
268,
355,
222,
442,
200,
212,
44,
19,
431,
355,
5,
145,
103,
106,
146,
159,
84,
383,
152,
152,
475,
475,
230,
146,
375,
427,
13,
385,
29,
352,
57,
428,
469,
167,
147,
442,
28,
1,
275,
197,
19,
324,
222,
503,
245,
57,
317,
385,
324,
385,
428,
268,
428,
496,
421,
222,
96,
369,
145,
417,
96,
96,
63,
57,
388,
226,
317,
268,
28,
197,
209,
19,
197,
490,
167,
51,
504,
421,
230,
350,
103,
113,
236,
146,
346,
222,
51,
236,
178,
110,
176,
415,
164,
391,
417,
385,
91,
369,
398,
113,
174,
112,
190,
333,
19,
503,
230,
103,
356,
368,
218,
415,
349,
122,
218,
190,
349,
387,
91,
356,
252,
355,
32,
432,
32,
230,
428,
349,
103,
412,
113,
138,
389,
174,
190,
70,
19,
284,
496,
338,
209,
385,
230,
119,
230,
349,
70,
19,
504,
445,
60,
119,
72,
292,
114,
204,
16,
4,
445,
5,
254,
178,
412,
385,
369,
200,
190,
3,
333,
120,
410,
71,
489,
449,
287,
427,
389,
19,
326,
174,
70,
259,
178,
391,
32,
162,
63,
325,
202,
443,
110,
475,
442,
222,
346,
230,
385,
326,
19,
70,
190,
212,
226,
28,
489,
489,
449,
146,
383,
427,
259,
259,
356,
57,
410,
69,
443,
443,
202,
57,
388,
428,
222,
442,
147,
122,
122,
266,
483,
245,
3,
209,
19,
431,
1,
342,
489,
75,
368,
167,
106,
29,
387,
463,
352,
325,
325,
69,
355,
230,
483,
410,
483,
57,
388,
222,
222,
388,
266,
230,
428,
410,
324,
71,
333,
368,
112,
489,
342,
423,
388,
443,
443,
202,
469,
443,
355,
443,
69,
352,
469,
355,
202,
483,
346,
496,
496,
475,
324,
110,
388,
496,
113,
388,
202,
152,
504,
368,
28,
489,
326,
57,
428,
167,
230,
230,
469,
69,
69,
325,
106,
469,
355,
483,
346,
266,
147,
268,
178,
147,
147,
385,
254,
245,
269,
110,
355,
469,
266,
479,
75,
342,
146,
346,
410,
388,
346,
69,
69,
469,
443,
469,
355,
167,
230,
122,
152,
268,
385,
122,
266,
428,
147,
13,
375,
5,
268,
41,
483,
355,
469,
152,
283,
449,
145,
442,
388,
410,
122,
410,
106,
69,
443,
410,
483,
483,
122,
346,
57,
324,
475,
57,
202,
475,
252,
145,
41,
222,
147,
122,
346,
167,
167,
443,
259,
326,
445,
122,
388,
266,
496,
445,
222,
469,
352,
106,
167,
346,
346,
266,
57,
346,
230,
57,
324,
5,
268,
230,
153,
57,
356,
445,
167,
428,
410,
483,
352,
138,
483,
119,
4,
69,
57,
445,
324,
346,
388,
110,
110,
122,
266,
388,
167,
469,
428,
226,
383,
490,
317,
122,
350,
202,
317,
324,
202,
428,
230,
346,
167,
325,
202,
463,
23,
345,
4,
193,
106,
355,
266,
475,
178,
91,
412,
266,
167,
167,
385,
13,
389,
479,
398,
69,
69,
350,
138,
385,
483,
355,
483,
346,
410,
325,
352,
417,
296,
193,
417,
193,
35,
241,
63,
410,
442,
91,
113,
222,
266,
410,
178,
490,
212,
338,
110,
119,
443,
23,
415,
16,
153,
140,
265,
257,
16,
137,
162,
257,
257,
439,
415,
257,
137,
162,
298,
444,
68,
509,
162,
137,
137,
509,
162,
68,
509,
257,
444,
114,
114,
95,
153,
298,
137,
374,
415,
509,
16,
137,
265,
444,
257,
350,
439,
257,
298,
95,
238,
95,
257,
219,
140,
62,
439,
40,
219,
265,
137,
444,
225,
164,
48,
225,
16,
95,
114,
40,
402,
162,
137,
137,
509,
509,
40,
457,
153,
444,
455,
377,
68,
16,
350,
415,
439,
219,
16,
219,
40,
62,
153,
68,
377,
225,
225,
95,
298,
48,
164,
162,
509,
265,
40,
40,
162,
137,
457,
99,
450,
257,
16,
350,
176,
29,
16,
345,
307,
313,
312,
219,
439,
68,
137,
265,
509,
68,
68,
114,
257,
40,
415,
16,
509,
298,
16,
162,
257,
402,
461,
70,
15,
374,
63,
106,
219,
164,
374,
476,
309,
39,
273,
329,
29,
399,
16,
137,
40,
265,
114,
114,
350,
128,
457,
140,
162,
68,
257,
257,
455,
68,
402,
79,
466,
176,
509,
164,
509,
137,
307,
87,
252,
407,
207,
27,
18,
64,
16,
455,
415,
176,
162,
298,
457,
248,
370,
340,
40,
509,
298,
509,
402,
455,
68,
439,
461,
450,
399,
457,
217,
128,
131,
13,
427,
236,
232,
211,
482,
272,
361,
68,
114,
176,
40,
68,
232,
394,
444,
257,
374,
402,
114,
68,
415,
153,
153,
415,
272,
15,
329,
267,
424,
9,
361,
15,
503,
50,
279,
424,
313,
131,
176,
415,
48,
219,
153,
68,
71,
273,
461,
447,
9,
509,
257,
219,
312,
99,
461,
466,
13,
245,
300,
131,
272,
9,
192,
101,
50,
383,
329,
399,
361,
307,
29,
140,
186,
377,
461,
137,
70,
84,
273,
104,
50,
153,
16,
63,
8,
451,
209,
421,
508,
218,
15,
267,
267,
106,
140,
176,
50,
407,
12,
371,
131,
466,
466,
106,
509,
414,
162,
457,
197,
407,
275,
190,
407,
219,
153,
16,
112,
75,
326,
287,
44,
427,
239,
239,
361,
272,
298,
272,
159,
212,
125,
394,
272,
27,
267,
192,
461,
95,
164,
265,
326,
207,
316,
197,
479,
461,
62,
162,
248,
326,
70,
505,
244,
275,
260,
99,
371,
267,
225,
447,
200,
500,
51,
9,
450,
424,
211,
279,
466,
62,
40,
274,
200,
273,
71,
174,
505,
135,
140,
16,
162,
316,
338,
211,
284,
174,
375,
476,
273,
123,
16,
503,
197,
503,
309,
348,
267,
248,
79,
279,
371,
192,
128,
294,
200,
482,
70,
200,
476,
312,
176,
219,
68,
252,
482,
368,
44,
451,
1,
145,
15,
123,
135,
389,
19,
479,
239,
248,
307,
399,
217,
211,
341,
279,
361,
225,
451,
50,
333,
326,
123,
29,
4,
62,
225,
424,
482,
190,
190,
275,
503,
146,
218,
99,
399,
104,
333,
368,
407,
273,
348,
270,
232,
239,
309,
248,
140,
16,
451,
479,
19,
112,
500,
272,
424,
272,
439,
329,
207,
283,
342,
212,
51,
50,
300,
99,
450,
39,
8,
125,
300,
248,
135,
149,
341,
341,
329,
350,
40,
40,
28,
3,
197,
326,
333,
232,
338,
447,
9,
455,
505,
44,
42,
145,
424,
232,
394,
149,
176,
239,
123,
338,
39,
18,
217,
272,
211,
9,
62,
137,
62,
265,
449,
112,
174,
200,
174,
273,
38,
508,
309,
101,
273,
99,
371,
371,
192,
476,
424,
99,
38,
128,
48,
273,
356,
101,
153,
140,
345,
466,
128,
135,
128,
350,
28,
200,
326,
200,
326,
505,
27,
84,
42,
309,
248,
62,
236,
27,
470,
505,
329,
329,
252,
329,
394,
64,
176,
439,
68,
63,
298,
461,
4,
350,
137,
265,
112,
326,
112,
174,
174,
316,
341,
427,
51,
120,
338,
153,
236,
64,
383,
190,
39,
192,
482,
273,
39,
466,
162,
219,
439,
329,
63,
135,
128,
439,
219,
265,
8,
326,
197,
333,
112,
3,
309,
8,
174,
309,
149,
192,
64,
207,
19,
197,
284,
300,
312,
193,
457,
350,
153,
257,
361,
348,
450,
9,
307,
101,
361,
193,
259,
451,
197,
190,
112,
389,
270,
275,
315,
75,
71,
389,
70,
200,
283,
451,
112,
84,
123,
4,
176,
135,
149,
38,
87,
309,
407,
421,
252,
50,
50,
356,
505,
283,
200,
197,
112,
423,
447,
283,
489,
315,
342,
1,
104,
431,
1,
316,
284,
421,
239,
300,
309,
87,
356,
218,
287,
51,
120,
42,
500,
427,
212,
427,
120,
190,
326,
326,
200,
19,
70,
342,
489,
75,
316,
309,
273,
273,
15,
300,
356,
252,
447,
207,
218,
218,
338,
245,
427,
504,
212,
212,
120,
146,
504,
505,
42,
51,
146,
197,
200,
212,
112,
489,
489,
197,
368,
39,
421,
13,
252,
207,
145,
145,
356,
447,
252,
218,
218,
51,
146,
508,
500,
500,
8,
71,
503,
104,
431,
503,
259,
479,
190,
84,
283,
489,
28,
39,
245,
218,
368,
368,
13,
356,
447,
50,
447,
145,
383,
287,
146,
125,
423,
316,
389,
104,
159,
316,
190,
112,
209,
389,
51,
407,
338,
70,
342,
489,
316,
12,
383,
287,
375,
421,
421,
421,
421,
421,
383,
368,
287,
42,
423,
159,
423,
42,
503,
125,
275,
197,
112,
190,
431,
104,
125,
505,
338,
125,
342,
342,
503,
338,
375,
259,
505,
383,
207,
421,
407,
338,
51,
427,
503,
125,
504,
284,
389,
504,
505,
316,
112,
197,
500,
504,
431,
389,
84,
42,
125,
218,
275,
283,
421,
13,
245,
51,
504,
120,
287,
252,
39,
252,
51,
120,
479,
504,
125,
479,
120,
125,
244,
197,
70,
503,
482,
479,
197,
284,
212,
8,
504,
427,
447,
505,
12,
273,
273,
145,
245,
120,
212,
245,
287,
212,
504,
125,
212,
479,
287,
218,
505,
159,
112,
112,
190,
8,
236,
368,
190,
284,
427,
84,
504,
146,
218,
50,
356,
239,
38,
123,
260,
236,
356,
252,
245,
120,
71,
1,
316,
146,
368,
368,
71,
333,
451,
326,
70,
51,
338,
15,
3,
104,
427,
146,
146,
427,
383,
356,
12,
273,
300,
236,
239,
236,
476,
371,
470,
39,
212,
316,
508,
287,
51,
383,
508,
190,
112,
197,
508,
259,
375,
87,
