254,
1,
254,
3,
254,
5,
254,
254,
8,
254,
254,
254,
12,
13,
254,
254,
254,
254,
254,
19,
20,
254,
254,
254,
24,
254,
254,
254,
28,
254,
254,
254,
254,
254,
254,
254,
254,
37,
254,
39,
254,
254,
42,
254,
44,
254,
254,
254,
254,
254,
254,
51,
52,
254,
254,
55,
254,
254,
254,
254,
254,
254,
254,
254,
254,
254,
66,
254,
254,
254,
70,
71,
254,
254,
254,
75,
76,
254,
254,
254,
254,
254,
254,
254,
84,
254,
254,
254,
88,
89,
254,
254,
92,
254,
254,
254,
254,
97,
254,
254,
254,
254,
102,
254,
104,
254,
254,
107,
108,
254,
254,
254,
112,
254,
254,
115,
254,
254,
118,
254,
120,
254,
254,
254,
254,
125,
126,
254,
254,
129,
130,
254,
254,
254,
254,
254,
254,
254,
254,
254,
254,
141,
254,
143,
254,
145,
146,
254,
254,
254,
254,
254,
254,
254,
254,
254,
254,
157,
254,
159,
254,
254,
254,
254,
254,
254,
254,
254,
254,
254,
254,
254,
254,
254,
174,
254,
254,
254,
254,
254,
180,
254,
254,
254,
254,
254,
254,
254,
254,
254,
190,
254,
254,
254,
254,
254,
254,
197,
198,
199,
200,
201,
254,
254,
254,
254,
254,
207,
208,
209,
210,
254,
212,
213,
214,
254,
254,
254,
218,
254,
254,
254,
254,
254,
254,
254,
254,
254,
254,
254,
254,
254,
254,
233,
254,
254,
254,
254,
254,
254,
254,
254,
254,
254,
244,
245,
254,
254,
254,
254,
254,
251,
252,
254,
254,
254,
254,
254,
254,
259,
254,
254,
262,
263,
254,
254,
254,
254,
254,
254,
254,
254,
254,
254,
254,
275,
276,
254,
254,
254,
280,
254,
254,
283,
284,
254,
254,
287,
254,
289,
254,
291,
254,
254,
254,
254,
254,
254,
254,
299,
254,
301,
254,
254,
304,
254,
254,
254,
254,
254,
310,
254,
254,
254,
254,
315,
316,
254,
254,
254,
254,
254,
254,
254,
254,
254,
326,
254,
328,
254,
254,
331,
254,
333,
254,
254,
336,
254,
338,
254,
254,
254,
342,
254,
254,
254,
254,
347,
254,
254,
254,
254,
254,
254,
254,
254,
356,
357,
254,
254,
360,
254,
254,
254,
254,
254,
254,
254,
368,
254,
254,
254,
254,
254,
254,
375,
254,
254,
254,
254,
380,
254,
254,
383,
254,
254,
254,
254,
254,
389,
254,
254,
254,
254,
254,
254,
396,
254,
254,
254,
254,
254,
254,
403,
254,
254,
254,
407,
408,
254,
254,
254,
254,
254,
254,
254,
254,
254,
254,
254,
420,
421,
254,
423,
254,
254,
254,
427,
254,
254,
254,
431,
254,
254,
254,
254,
254,
254,
438,
254,
440,
254,
254,
254,
254,
254,
254,
254,
254,
449,
254,
451,
254,
453,
454,
254,
254,
254,
254,
254,
254,
254,
254,
254,
464,
254,
254,
254,
254,
254,
254,
254,
254,
254,
254,
254,
254,
254,
478,
479,
254,
254,
254,
254,
254,
254,
254,
254,
254,
489,
490,
254,
254,
254,
254,
254,
254,
254,
498,
254,
500,
501,
254,
503,
504,
505,
506,
254,
508,
254,
254,
254,
