35
55
30
33
36
22
7
33
31
43
18
20
20
55
60
50
31
5
52
24
32
46
22
58
30
9
3
50
56
3
18
29
9
3
16
56
18
29
0
58
35
56
18
10
18
27
39
5
35
37
41
24
30
30
54
63
45
45
33
12
45
50
9
15
20
51
20
48
13
58
26
16
55
18
20
6
61
18
20
7
11
8
21
58
48
2
4
18
35
44
56
52
24
55
43
55
5
63
63
33
13
49
3
32
52
54
14
45
59
49
25
27
44
38
55
31
47
50
46
30
34
38
53
23
13
37
5
44
52
41
31
15
56
15
0
49
30
43
7
15
28
44
2
54
46
56
33
31
60
5
13
20
37
26
35
31
9
48
35
34
45
44
12
16
3
48
18
46
46
29
32
3
37
50
2
2
20
18
49
1
2
12
20
54
16
52
31
18
51
9
35
18
30
34
45
60
13
34
13
9
12
29
34
52
20
3
13
1
37
12
35
3
45
35
49
12
15
9
33
28
63
2
51
22
34
7
22
14
10
16
53
26
26
31
16
59
29
58
51
7
32
15
18
37
37
50
41
29
12
26
53
62
10
32
45
5
3
9
59
1
33
56
53
60
37
43
50
60
0
45
7
1
29
40
34
45
15
29
37
56
60
20
60
29
29
36
34
18
12
0
50
51
13
29
63
14
31
0
53
45
46
48
18
33
58
46
44
24
46
51
20
34
22
9
34
29
0
53
10
7
24
46
44
20
49
60
12
0
21
33
45
29
59
53
52
26
1
37
36
7
58
19
2
14
16
28
53
57
54
28
52
20
35
60
49
3
12
52
44
28
24
1
55
50
33
60
18
32
32
21
27
44
45
9
42
46
40
54
56
40
10
41
46
28
58
44
9
45
9
45
34
0
51
24
33
26
3
1
1
13
53
56
28
15
47
14
14
30
18
26
45
32
56
56
35
20
43
10
46
50
7
7
36
16
43
0
43
56
3
36
34
27
46
55
52
8
5
24
20
46
3
22
18
48
37
37
22
5
50
16
10
35
58
9
58
37
32
3
30
44
22
7
32
46
26
9
7
33
28
12
51
33
34
53
48
33
48
45
48
30
46
35
13
23
5
46
1
48
2
60
2
29
36
33
5
40
40
28
11
59
12
19
62
15
4
45
49
62
44
45
53
9
60
42
54
48
34
2
24
11
34
28
31
9
44
4
8
1
54
29
30
55
57
10
26
26
34
44
30
32
3
20
18
45
31
48
30
13
28
59
46
3
63
2
1
32
9
43
34
19
18
16
63
48
31
57
34
32
37
18
37
20
51
0
9
58
46
0
51
29
20
31
60
29
50
51
28
48
18
45
3
49
10
53
59
15
46
16
49
60
4
59
52
12
35
22
23
7
43
34
18
43
59
55
37
37
23
7
58
3
15
10
35
3
9
63
59
45
26
35
63
43
44
56
26
45
30
53
35
45
48
33
40
13
10
10
34
37
27
2
50
23
13
62
31
53
9
18
44
5
12
24
33
60
35
33
9
2
45
60
54
3
54
2
48
3
62
46
22
7
37
35
24
9
15
1
35
0
46
0
33
35
7
29
49
34
50
24
51
18
53
63
56
35
46
53
7
24
43
7
7
62
37
26
26
3
18
53
7
35
7
37
55
30
2
48
51
15
49
39
12
9
55
20
59
39
60
43
46
26
15
27
18
34
33
3
46
21
7
12
46
24
59
46
20
28
43
5
37
46
28
51
9
37
29
46
10
16
56
48
49
20
55
33
21
40
29
49
48
12
34
56
35
2
29
7
5
44
1
12
29
16
40
3
29
3
29
26
13
5
0
15
56
34
35
4
26
29
0
5
44
31
46
63
1
59
63
9
51
12
36
26
21
21
35
45
7
2
38
24
52
48
49
63
55
41
51
3
29
22
22
50
51
24
16
60
14
9
35
33
36
9
27
44
37
54
35
21
22
20
1
44
36
30
9
1
43
37
10
37
58
34
59
7
47
20
3
33
55
13
36
52
26
9
1
30
45
58
24
56
49
7
16
52
56
1
34
55
28
56
51
37
37
1
15
46
50
56
9
3
53
48
51
48
52
9
47
26
28
35
43
30
11
48
1
46
24
38
4
18
54
34
30
33
52
1
37
24
58
43
56
18
29
45
56
3
29
26
18
60
63
24
60
29
7
10
45
46
20
60
24
27
56
47
58
51
52
2
0
7
44
51
20
52
48
16
13
29
56
54
26
36
52
20
53
44
7
16
34
52
26
20
26
45
50
53
51
37
50
28
9
53
7
46
60
29
43
22
35
35
37
7
44
54
46
60
50
53
9
24
45
7
60
20
1
48
12
59
43
51
59
9
51
18
3
37
26
9
48
18
56
26
34
52
46
29
48
44
3
50
33
46
3
35
58
24
20
34
50
55
7
0
43
53
58
9
1
0
48
60
5
21
45
12
20
15
35
21
49
51
37
56
51
18
26
50
13
30
26
60
60
50
5
53
44
12
7
46
24
46
44
0
3
49
7
3
0
44
50
33
33
29
59
49
56
44
1
56
18
49
54
56
49
22
1
32
5
5
45
14
26
32
34
0
26
52
24
1
58
46
37
45
51
52
3
12
37
16
33
56
52
48
1
32
1
10
52
2
23
60
4
32
22
30
35
48
48
10
50
51
52
0
36
39
33
35
53
26
3
6
20
1
50
45
53
40
5
18
15
51
29
26
9
26
7
15
20
24
7
35
54
13
15
0
5
1
13
24
51
46
33
56
40
54
29
12
3
22
0
1
63
48
32
56
1
32
55
56
35
46
40
21
18
3
34
36
38
9
12
46
49
13
27
22
26
52
16
9
15
36
55
26
47
15
46
16
49
26
46
50
34
50
18
53
34
33
38
54
20
58
10
62
57
63
60
52
4
9
52
18
29
9
47
35
37
3
55
7
53
15
56
56
35
54
55
46
56
48
37
62
18
22
43
52
48
26
23
58
48
35
50
7
10
55
55
18
35
56
52
43
50
46
10
63
35
33
35
33
7
12
16
27
60
51
29
59
16
30
18
55
26
49
37
56
20
28
20
55
34
53
34
43
46
7
1
12
43
56
3
26
55
50
44
43
60
43
35
3
5
56
49
20
20
26
62
58
37
3
20
3
51
53
28
7
24
60
32
9
3
7
34
48
49
13
50
16
58
34
15
44
48
36
21
31
37
54
50
1
53
5
16
36
3
21
26
37
23
7
59
12
22
12
10
1
53
20
53
22
36
49
0
34
30
5
32
45
20
5
53
37
12
15
35
43
33
51
59
55
52
35
0
49
36
3
55
28
52
29
18
18
37
15
58
35
34
30
50
9
53
18
21
58
24
51
28
45
22
55
0
37
18
28
0
43
46
29
31
55
13
34
56
29
58
50
44
13
48
3
15
55
46
33
37
57
9
7
35
56
32
37
20
24
31
57
29
23
35
48
19
8
6
59
10
1
62
27
44
52
3
16
50
59
53
6
10
1
50
1
29
22
26
31
58
50
45
33
59
22
21
44
3
49
4
37
39
27
46
51
46
46
43
3
9
27
46
49
24
35
0
27
43
12
34
12
45
52
1
13
31
12
37
7
23
33
27
22
48
1
18
37
12
20
5
35
15
37
7
12
5
63
20
34
43
3
20
2
4
9
9
12
7
26
45
29
13
43
46
55
7
33
18
49
21
35
7
20
7
20
43
22
7
46
60
3
45
43
60
3
26
46
59
20
33
3
52
15
20
33
37
52
24
53
1
56
48
12
14
20
53
55
1
31
3
46
22
45
50
21
60
45
31
28
20
63
50
3
58
60
18
37
52
5
45
44
20
62
31
55
5
35
59
8
32
47
34
37
34
24
32
51
43
28
44
22
15
35
54
7
60
12
26
63
10
38
12
6
17
27
46
46
36
21
20
49
5
48
46
7
49
51
48
43
9
12
35
29
54
7
55
0
49
45
23
27
52
39
48
57
4
32
10
24
22
58
52
16
35
35
45
29
5
20
22
5
49
51
63
7
7
48
7
1
28
38
38
26
36
50
23
20
12
24
55
12
7
36
3
12
7
33
63
18
35
50
37
0
58
7
12
16
48
53
9
1
24
51
13
2
10
7
13
53
31
9
10
48
26
19
26
26
24
55
3
27
3
3
22
50
29
5
60
37
28
7
62
3
9
26
46
34
43
31
28
60
24
58
7
8
23
49
15
43
46
0
32
35
18
18
3
12
5
0
37
3
43
0
52
33
48
8
32
31
55
10
46
39
59
48
36
1
46
62
60
51
49
56
45
13
22
45
5
37
20
62
29
43
26
24
4
0
1
50
46
30
33
28
49
33
56
48
8
46
35
28
46
46
50
8
40
32
0
37
3
43
20
12
7
15
10
60
46
53
45
43
4
28
55
12
31
21
9
7
28
51
62
63
63
53
20
7
3
26
55
12
18
29
63
24
18
45
37
37
30
58
37
50
31
37
53
15
34
5
37
20
56
34
0
53
3
55
45
50
18
48
46
43
24
0
56
52
48
0
26
37
37
54
35
3
26
35
51
63
26
46
3
0
15
58
20
29
32
18
16
24
30
48
4
48
28
46
34
12
18
56
20
59
52
43
60
15
24
15
21
26
29
3
50
15
52
56
28
49
12
1
2
59
42
28
59
49
13
22
23
1
26
28
13
54
47
45
5
7
30
37
7
45
26
3
9
32
56
50
35
4
50
55
46
45
34
4
48
29
7
59
53
49
34
3
26
48
56
55
2
15
22
63
34
37
53
49
37
9
24
10
34
60
0
34
0
29
0
51
14
62
54
26
26
18
31
13
5
34
60
45
43
52
31
58
48
45
56
35
20
33
40
3
50
34
3
7
24
60
21
27
20
35
1
29
63
22
30
53
51
7
26
9
54
40
60
45
34
53
20
0
14
46
21
62
28
46
26
46
57
8
51
28
18
56
31
30
2
55
10
37
22
37
8
30
1
15
27
58
18
48
14
35
52
63
55
43
48
48
33
13
10
32
45
20
20
13
53
59
32
12
12
22
52
3
10
1
37
3
45
2
56
7
7
29
20
44
43
26
16
15
24
48
20
12
45
55
53
43
28
35
35
37
3
55
46
10
12
5
45
60
38
24
15
56
18
49
5
30
36
10
15
59
44
30
36
51
1
51
44
48
50
60
49
15
44
10
1
37
29
3
63
24
59
59
48
15
53
58
28
10
55
46
27
53
55
28
59
3
24
34
26
9
15
12
33
3
16
60
2
20
5
45
29
36
60
21
21
29
48
45
4
58
39
44
54
5
10
0
33
6
63
5
0
3
47
5
28
35
7
20
48
28
5
53
28
32
8
34
14
2
12
50
34
17
5
0
63
54
47
61
60
28
53
63
41
16
48
44
35
23
2
53
56
52
63
59
21
13
33
45
53
30
45
19
28
32
9
54
4
54
18
37
56
58
1
45
