0,
0,
0,
0,
0,
0,
0,
0,
0,
0,
0,
0,
0,
0,
0,
0,
1,
50,
47,
1,
84,
25,
1,
1,
25,
1,
1,
47,
1,
47,
3,
84,
2,
70,
57,
121,
38,
124,
2,
2,
124,
2,
2,
57,
21,
28,
99,
121,
3,
47,
84,
70,
18,
1,
3,
3,
1,
3,
3,
84,
3,
1,
124,
70,
4,
95,
86,
4,
4,
86,
4,
4,
86,
4,
4,
4,
4,
86,
7,
4,
5,
5,
5,
5,
5,
5,
5,
5,
5,
5,
5,
5,
5,
5,
5,
5,
6,
36,
91,
6,
6,
91,
6,
6,
36,
6,
6,
91,
6,
91,
93,
6,
7,
4,
4,
7,
7,
4,
7,
7,
4,
7,
7,
7,
7,
4,
79,
7,
8,
30,
119,
8,
92,
61,
8,
8,
61,
8,
8,
119,
8,
119,
92,
8,
24,
103,
122,
35,
43,
122,
9,
9,
103,
9,
9,
24,
24,
122,
74,
35,
10,
89,
89,
10,
10,
89,
10,
10,
89,
10,
10,
10,
10,
89,
40,
10,
11,
11,
11,
11,
11,
11,
11,
11,
11,
11,
11,
11,
11,
11,
11,
11,
12,
117,
117,
12,
58,
117,
12,
12,
117,
12,
12,
12,
12,
117,
58,
12,
13,
13,
13,
13,
13,
13,
13,
13,
13,
13,
13,
13,
13,
13,
13,
13,
14,
14,
14,
14,
14,
14,
14,
14,
14,
14,
14,
14,
14,
14,
14,
14,
15,
15,
15,
15,
15,
15,
15,
15,
15,
15,
15,
15,
15,
15,
15,
15,
16,
16,
16,
16,
16,
16,
16,
16,
16,
16,
16,
16,
16,
16,
16,
16,
17,
17,
17,
17,
17,
17,
17,
17,
17,
17,
17,
17,
17,
17,
17,
17,
70,
1,
3,
124,
28,
84,
18,
124,
84,
18,
18,
3,
70,
84,
57,
28,
19,
19,
19,
19,
19,
19,
19,
19,
19,
19,
19,
19,
19,
19,
19,
19,
38,
28,
2,
99,
76,
57,
41,
59,
57,
20,
38,
2,
38,
21,
107,
99,
57,
3,
28,
2,
121,
18,
21,
21,
18,
21,
21,
28,
57,
124,
20,
2,
22,
22,
22,
22,
22,
22,
22,
22,
22,
22,
22,
22,
22,
22,
22,
22,
23,
54,
23,
23,
23,
54,
23,
23,
54,
23,
23,
23,
23,
54,
75,
23,
24,
49,
122,
9,
35,
103,
24,
24,
103,
24,
24,
122,
24,
103,
43,
9,
25,
98,
50,
25,
47,
53,
25,
25,
53,
25,
25,
50,
25,
50,
47,
47,
26,
26,
26,
26,
26,
26,
26,
26,
26,
26,
26,
26,
26,
26,
26,
26,
27,
38,
107,
94,
82,
99,
27,
27,
99,
27,
27,
107,
32,
76,
71,
94,
28,
84,
70,
57,
21,
3,
28,
28,
3,
28,
28,
18,
124,
70,
2,
57,
29,
85,
39,
29,
48,
80,
29,
29,
80,
29,
29,
39,
29,
80,
48,
48,
30,
118,
37,
30,
61,
112,
30,
30,
112,
30,
30,
37,
30,
112,
61,
61,
31,
31,
31,
31,
31,
31,
31,
31,
31,
31,
31,
31,
31,
31,
31,
31,
32,
2,
76,
27,
94,
20,
32,
32,
20,
32,
32,
76,
107,
99,
82,
27,
33,
111,
33,
33,
33,
33,
33,
33,
33,
33,
33,
33,
33,
33,
33,
33,
34,
101,
109,
34,
34,
109,
34,
34,
109,
34,
34,
34,
34,
109,
89,
34,
35,
103,
24,
43,
74,
122,
35,
35,
122,
35,
35,
24,
9,
24,
74,
43,
36,
33,
36,
36,
91,
36,
36,
36,
36,
36,
36,
36,
36,
36,
91,
91,
37,
118,
112,
30,
30,
118,
37,
37,
118,
37,
37,
112,
37,
112,
61,
30,
121,
124,
21,
59,
76,
57,
38,
20,
57,
38,
38,
2,
121,
21,
107,
99,
39,
78,
80,
39,
29,
85,
39,
39,
85,
39,
39,
80,
39,
85,
29,
29,
40,
10,
10,
40,
40,
10,
40,
40,
10,
40,
40,
40,
40,
10,
63,
40,
38,
28,
2,
99,
76,
21,
59,
59,
57,
20,
20,
121,
38,
21,
32,
76,
42,
42,
42,
42,
42,
42,
42,
42,
42,
42,
42,
42,
42,
42,
42,
42,
43,
122,
9,
74,
74,
24,
43,
43,
24,
43,
43,
9,
35,
24,
78,
74,
44,
44,
44,
44,
44,
44,
44,
44,
44,
44,
44,
44,
44,
44,
44,
44,
45,
45,
45,
45,
45,
45,
45,
45,
45,
45,
45,
45,
45,
45,
45,
45,
46,
113,
55,
46,
88,
55,
46,
46,
55,
46,
46,
55,
46,
55,
88,
46,
47,
53,
25,
47,
1,
50,
47,
47,
50,
47,
47,
25,
47,
25,
84,
1,
48,
80,
29,
48,
98,
39,
48,
48,
39,
48,
48,
29,
48,
29,
98,
98,
49,
46,
88,
49,
103,
88,
49,
49,
46,
49,
49,
88,
49,
88,
103,
103,
50,
48,
53,
50,
25,
98,
50,
50,
98,
50,
50,
53,
50,
53,
25,
25,
51,
51,
51,
51,
51,
51,
51,
51,
51,
51,
51,
51,
51,
51,
51,
51,
52,
52,
52,
52,
52,
52,
52,
52,
52,
52,
52,
52,
52,
52,
52,
52,
53,
29,
98,
53,
50,
48,
53,
53,
48,
53,
53,
98,
53,
98,
50,
50,
54,
110,
54,
54,
54,
110,
54,
54,
110,
54,
54,
54,
54,
110,
23,
54,
55,
92,
113,
55,
46,
113,
55,
55,
113,
55,
55,
113,
55,
113,
46,
55,
56,
56,
56,
56,
56,
56,
56,
56,
56,
56,
56,
56,
56,
56,
56,
56,
57,
3,
124,
21,
2,
70,
57,
57,
70,
57,
57,
124,
28,
18,
121,
21,
58,
12,
12,
58,
114,
12,
58,
58,
12,
58,
58,
12,
58,
12,
114,
58,
20,
28,
2,
76,
107,
21,
59,
99,
21,
41,
41,
121,
38,
2,
32,
76,
60,
60,
60,
60,
60,
60,
60,
60,
60,
60,
60,
60,
60,
60,
60,
60,
61,
112,
30,
61,
119,
37,
61,
61,
37,
61,
61,
30,
61,
37,
119,
119,
62,
62,
62,
62,
62,
62,
62,
62,
62,
62,
62,
62,
62,
62,
62,
62,
63,
40,
40,
63,
63,
40,
63,
63,
40,
63,
63,
63,
63,
40,
63,
63,
64,
64,
64,
64,
64,
64,
64,
64,
64,
64,
64,
64,
64,
64,
64,
64,
65,
65,
65,
65,
65,
65,
65,
65,
65,
65,
65,
65,
65,
65,
65,
65,
66,
66,
66,
66,
66,
66,
66,
66,
66,
66,
66,
66,
66,
66,
66,
66,
67,
75,
75,
67,
118,
75,
67,
67,
75,
67,
67,
67,
67,
75,
118,
67,
68,
68,
68,
68,
68,
68,
68,
68,
68,
68,
68,
68,
68,
68,
68,
68,
69,
69,
69,
69,
69,
69,
69,
69,
69,
69,
69,
69,
69,
69,
69,
69,
70,
1,
3,
124,
28,
84,
70,
18,
84,
70,
70,
3,
70,
84,
57,
124,
71,
107,
94,
101,
77,
27,
71,
71,
27,
71,
71,
82,
82,
94,
109,
101,
72,
72,
72,
72,
72,
72,
72,
72,
72,
72,
72,
72,
72,
72,
72,
72,
73,
73,
73,
73,
73,
73,
73,
73,
73,
73,
73,
73,
73,
73,
73,
73,
74,
122,
35,
78,
78,
9,
74,
74,
9,
74,
74,
43,
43,
35,
85,
78,
75,
23,
23,
75,
75,
23,
75,
75,
23,
75,
75,
75,
75,
23,
67,
75,
99,
57,
38,
107,
32,
2,
76,
76,
2,
76,
76,
20,
99,
121,
27,
107,
77,
27,
71,
109,
109,
82,
77,
77,
82,
77,
77,
71,
101,
82,
34,
109,
78,
9,
74,
85,
85,
35,
78,
78,
35,
78,
78,
74,
78,
43,
80,
85,
79,
7,
7,
79,
79,
7,
79,
79,
7,
79,
79,
79,
79,
7,
110,
79,
80,
74,
85,
39,
39,
78,
80,
80,
78,
80,
80,
85,
80,
78,
29,
39,
81,
81,
81,
81,
81,
81,
81,
81,
81,
81,
81,
81,
81,
81,
81,
81,
82,
76,
27,
71,
101,
32,
82,
82,
32,
82,
82,
94,
94,
32,
77,
71,
83,
83,
83,
83,
83,
83,
83,
83,
83,
83,
83,
83,
83,
83,
83,
83,
84,
25,
1,
3,
3,
47,
84,
84,
47,
84,
84,
1,
84,
1,
70,
3,
85,
35,
78,
80,
80,
74,
85,
85,
74,
85,
85,
78,
85,
74,
39,
80,
86,
114,
95,
86,
4,
114,
86,
86,
114,
86,
86,
95,
127,
95,
4,
86,
87,
87,
87,
87,
87,
87,
87,
87,
87,
87,
87,
87,
87,
87,
87,
87,
88,
55,
46,
88,
49,
46,
88,
88,
46,
88,
88,
46,
88,
46,
49,
49,
89,
34,
34,
89,
89,
34,
89,
89,
34,
89,
89,
89,
89,
34,
10,
89,
90,
90,
90,
90,
90,
90,
90,
90,
90,
90,
90,
90,
90,
90,
90,
90,
91,
36,
36,
91,
6,
36,
91,
91,
36,
91,
91,
36,
91,
36,
6,
91,
92,
119,
8,
92,
113,
119,
92,
92,
119,
92,
92,
8,
92,
8,
113,
92,
93,
91,
6,
93,
93,
6,
93,
93,
6,
93,
93,
93,
93,
6,
117,
93,
94,
59,
32,
82,
82,
76,
94,
94,
76,
94,
94,
32,
27,
107,
101,
82,
95,
58,
114,
127,
86,
114,
95,
95,
114,
95,
95,
114,
95,
114,
86,
127,
96,
96,
96,
96,
96,
96,
96,
96,
96,
96,
96,
96,
96,
96,
96,
96,
97,
97,
97,
97,
97,
97,
97,
97,
97,
97,
97,
97,
97,
97,
97,
97,
98,
39,
48,
98,
53,
29,
98,
98,
29,
98,
98,
48,
98,
48,
53,
53,
59,
28,
121,
76,
107,
21,
99,
99,
21,
99,
59,
121,
41,
2,
32,
76,
100,
100,
100,
100,
100,
100,
100,
100,
100,
100,
100,
100,
100,
100,
100,
100,
101,
32,
82,
77,
109,
94,
101,
101,
94,
101,
101,
82,
71,
94,
109,
77,
102,
102,
102,
102,
102,
102,
102,
102,
102,
102,
102,
102,
102,
102,
102,
102,
103,
88,
49,
103,
122,
88,
103,
103,
88,
103,
103,
49,
103,
49,
24,
122,
104,
104,
104,
104,
104,
104,
104,
104,
104,
104,
104,
104,
104,
104,
104,
104,
105,
105,
105,
105,
105,
105,
105,
105,
105,
105,
105,
105,
105,
105,
105,
105,
106,
106,
106,
106,
106,
106,
106,
106,
106,
106,
106,
106,
106,
106,
106,
106,
107,
21,
59,
32,
27,
121,
107,
107,
121,
107,
107,
99,
76,
38,
94,
32,
108,
108,
108,
108,
108,
108,
108,
108,
108,
108,
108,
108,
108,
108,
108,
108,
109,
94,
101,
109,
109,
82,
109,
109,
82,
109,
109,
101,
77,
71,
34,
109,
110,
79,
110,
110,
110,
79,
110,
110,
79,
110,
110,
110,
110,
79,
54,
110,
111,
111,
111,
111,
111,
111,
111,
111,
111,
111,
111,
111,
111,
111,
111,
111,
112,
118,
118,
37,
37,
118,
112,
112,
118,
112,
112,
112,
112,
118,
30,
37,
113,
8,
92,
113,
55,
92,
113,
113,
92,
113,
113,
92,
113,
92,
55,
113,
114,
12,
58,
114,
95,
58,
114,
114,
58,
114,
114,
58,
114,
58,
95,
114,
115,
115,
115,
115,
115,
115,
115,
115,
115,
115,
115,
115,
115,
115,
115,
115,
116,
116,
116,
116,
116,
116,
116,
116,
116,
116,
116,
116,
116,
116,
116,
116,
117,
93,
117,
117,
117,
93,
117,
117,
93,
117,
117,
117,
117,
93,
12,
117,
118,
75,
67,
118,
118,
67,
118,
118,
67,
118,
118,
118,
118,
67,
112,
118,
119,
37,
61,
119,
8,
30,
119,
119,
30,
119,
119,
61,
119,
61,
8,
8,
120,
120,
120,
120,
120,
120,
120,
120,
120,
120,
120,
120,
120,
120,
120,
120,
121,
18,
21,
20,
99,
28,
121,
38,
28,
121,
121,
21,
2,
57,
76,
41,
122,
49,
103,
122,
24,
49,
122,
122,
49,
122,
122,
103,
122,
103,
9,
24,
123,
123,
123,
123,
123,
123,
123,
123,
123,
123,
123,
123,
123,
123,
123,
123,
18,
1,
3,
28,
57,
84,
124,
124,
84,
124,
124,
70,
18,
3,
21,
28,
125,
125,
125,
125,
125,
125,
125,
125,
125,
125,
125,
125,
125,
125,
125,
125,
126,
126,
126,
126,
126,
126,
126,
126,
126,
126,
126,
126,
126,
126,
126,
126,
127,
58,
95,
86,
86,
114,
127,
127,
114,
127,
127,
95,
95,
114,
4,
86,
