6
45
36
73
62
25
66
6
112
112
6
112
74
6
37
47
6
6
75
15
62
20
41
6
66
69
89
25
122
34
73
45
112
102
6
25
89
24
112
6
122
24
41
38
122
28
6
73
109
6
6
62
65
65
38
45
99
6
45
113
2
124
71
6
112
64
6
69
120
63
112
120
98
6
34
47
47
37
2
41
89
114
2
38
6
121
99
6
42
122
74
6
81
73
6
62
110
6
12
25
0
6
112
2
10
81
37
110
122
34
34
89
120
112
47
69
121
89
6
112
66
120
102
59
6
41
75
41
6
124
6
0
36
89
6
2
66
66
89
37
89
6
105
102
2
98
66
6
62
109
6
41
6
89
109
62
47
6
41
120
102
59
73
2
120
2
28
112
6
75
69
99
22
69
41
6
69
120
6
89
89
6
16
120
89
6
102
59
69
2
73
37
10
5
36
124
37
63
22
22
124
15
6
112
89
66
22
122
71
24
15
15
6
6
6
89
75
37
6
42
41
6
63
120
112
6
121
105
47
2
2
6
102
59
6
37
16
36
114
71
6
6
22
109
65
2
66
81
2
64
99
25
6
22
102
73
38
62
69
6
99
36
6
74
112
6
34
41
41
6
30
22
50
2
70
41
74
16
99
16
2
47
114
24
74
16
6
89
10
112
63
89
6
2
2
98
120
73
6
120
2
81
6
75
124
41
6
36
81
6
41
2
62
81
81
6
24
100
6
47
81
69
89
37
69
6
75
63
37
34
122
65
73
38
64
37
120
64
74
25
112
2
34
120
89
38
120
71
10
120
97
112
74
120
122
109
34
102
45
59
73
121
64
37
41
112
109
121
25
89
120
75
6
89
38
112
112
69
73
109
112
6
120
2
121
36
120
66
112
102
122
28
38
120
41
112
41
63
22
120
121
38
120
0
69
37
2
108
121
120
47
22
20
15
71
47
109
28
53
42
120
109
71
120
99
2
41
120
6
69
120
98
112
120
28
28
2
120
24
28
36
69
114
25
108
108
102
98
122
122
25
69
102
108
120
47
99
34
75
0
41
66
127
42
2
121
120
100
122
109
120
2
99
24
73
37
41
120
122
98
74
6
99
120
65
69
120
124
36
0
122
71
16
120
75
62
122
122
2
63
112
36
64
38
6
66
102
6
37
6
69
6
63
122
6
37
73
6
36
25
122
6
65
22
0
64
66
65
89
22
25
37
109
0
62
10
122
71
6
15
45
38
37
66
117
41
102
89
117
102
6
66
89
66
6
112
121
16
2
73
15
6
2
24
121
121
37
6
112
25
6
74
75
122
37
122
2
6
2
114
71
66
6
47
73
0
6
99
6
127
69
121
22
63
34
6
15
120
6
25
64
6
99
49
50
6
73
71
112
25
34
64
2
45
108
10
41
38
22
114
45
69
6
10
36
15
59
112
6
63
65
34
6
81
6
41
47
98
6
64
89
102
10
71
89
6
108
127
64
66
22
6
22
15
6
15
10
10
69
63
41
6
62
22
120
69
121
99
122
98
109
71
120
24
112
120
38
34
108
120
120
12
120
108
16
120
99
34
22
120
108
124
62
36
66
89
15
94
47
24
120
69
16
122
10
121
120
24
75
73
97
73
102
62
99
69
102
25
120
89
89
97
120
25
89
2
114
22
34
120
102
22
36
66
99
120
36
22
120
122
38
120
100
89
42
120
0
81
63
2
72
120
105
59
69
89
71
69
0
89
69
121
10
71
66
25
71
73
120
71
48
24
12
71
122
122
109
45
15
50
109
75
34
109
126
25
75
25
98
15
71
45
102
47
63
66
6
127
99
2
73
75
71
41
99
26
71
38
41
81
6
45
62
71
28
122
124
2
12
71
2
98
71
47
112
120
22
10
36
71
22
122
5
37
89
16
120
71
45
64
