-0.099106,
-0.078123,
0.081939,
0.067783,
-0.001137,
-0.096528,
-0.073192,
-0.043760,
0.088334,
0.039342,
-0.008525,
0.006613,
-0.097496,
-0.068212,
0.165322,
0.039380,
0.025193,
0.080514,
0.081590,
-0.028485,
0.040602,
-0.049659,
0.038223,
-0.022948,
0.105031,
-0.016623,
0.009958,
0.033769,
0.057946,
-0.035432,
-0.051925,
-0.019807,
-0.008953,
-0.038471,
0.001965,
0.064455,
-0.017343,
0.057229,
-0.022886,
-0.133042,
-0.112617,
-0.048652,
-0.014490,
-0.039890,
-0.050774,
0.019451,
-0.080814,
-0.087401,
0.071755,
-0.075943,
0.013410,
-0.018615,
-0.009640,
-0.024246,
0.004172,
0.114182,
0.062800,
0.017726,
0.081625,
-0.048230,
-0.046785,
0.035459,
-0.072839,
-0.014239,
-0.096778,
0.041336,
-0.069754,
-0.061467,
0.014422,
0.048743,
-0.045607,
0.075496,
0.076970,
-0.011855,
0.010526,
0.007014,
-0.072617,
-0.003421,
0.074155,
-0.003975,
-0.019263,
-0.020537,
-0.021543,
-0.034259,
0.032854,
0.021902,
0.024352,
0.040418,
-0.058921,
-0.000706,
0.015044,
0.030304,
0.000433,
-0.118400,
-0.094557,
-0.012926,
0.020195,
0.034945,
-0.032463,
0.014322,
0.029037,
0.007169,
0.069163,
-0.058022,
-0.021785,
-0.027732,
0.025771,
0.085151,
0.017713,
0.018156,
-0.014392,
0.030661,
0.063573,
0.041722,
0.040324,
0.030094,
-0.002237,
-0.011857,
0.018421,
0.054787,
0.080847,
0.076873,
-0.004836,
0.007683,
0.001277,
0.064718,
-0.066629,
0.053864,
0.050128,
0.097403,
0.063312,
0.053731,
-0.015745,
0.017703,
0.039129,
0.060654,
-0.022615,
0.043585,
-0.003545,
0.008896,
0.009511,
-0.086237,
0.097844,
-0.037919,
0.023324,
-0.051329,
-0.012731,
-0.047345,
0.027364,
0.020164,
0.032756,
0.058320,
0.131921,
0.063451,
0.036961,
-0.011554,
-0.155750,
0.019955,
0.034431,
0.040765,
0.027742,
-0.062764,
0.008864,
0.138922,
0.063543,
-0.045313,
0.010942,
0.025298,
0.069688,
-0.041951,
0.023907,
0.113133,
0.087701,
0.067200,
0.010628,
-0.000000,
-0.070276,
-0.009153,
-0.054632,
0.044598,
-0.040307,
-0.044915,
-0.036180,
-0.094015,
0.057275,
-0.187957,
0.108538,
0.128219,
0.129149,
-0.004101,
-0.032169,
0.014948,
-0.004292,
0.097894,
-0.121834,
-0.017305,
-0.028749,
0.092501,
-0.018289,
0.047153,
-0.004176,
0.071762,
0.092201,
-0.037751,
0.040233,
0.048813,
-0.086025,
0.081713,
-0.037712,
-0.147865,
-0.012776,
-0.111315,
0.054454,
0.066645,
-0.015487,
-0.034742,
0.007817,
0.080760,
-0.074399,
-0.030072,
-0.012707,
-0.024290,
-0.002509,
0.016194,
-0.017918,
0.133664,
-0.024548,
-0.101590,
0.032882,
0.079205,
0.011728,
0.001601,
-0.029011,
0.032985,
-0.047258,
-0.020354,
0.057485,
-0.013844,
0.052146,
0.012545,
0.101236,
-0.015699,
0.039884,
0.094594,
0.049086,
-0.002936,
-0.061406,
0.123282,
-0.027607,
0.001591,
-0.166105,
0.031113,
0.008577,
-0.062057,
0.034261,
0.027446,
