-0.004110,
-0.005114,
-0.004618,
0.001838,
0.000215,
0.000259,
0.007666,
0.004480,
0.004231,
0.006411,
0.003514,
0.003707,
0.004780,
0.004235,
0.003665,
0.002469,
0.000883,
-0.000509,
-0.000871,
-0.002153,
-0.002859,
-0.001099,
-0.001263,
-0.000106,
0.010421,
0.007704,
0.008190,
0.012668,
0.008246,
0.010757,
0.011736,
0.009034,
0.011295,
0.011475,
0.008941,
0.011847,
0.011732,
0.008153,
0.010211,
0.010059,
0.005867,
0.008122,
0.000721,
0.001365,
0.001056,
0.007185,
0.005076,
0.005388,
0.005219,
0.002874,
0.003743,
0.004867,
0.003365,
0.003696,
0.003116,
0.001411,
0.002783,
0.002550,
-0.000553,
0.000640,
0.005928,
0.003216,
0.004819,
0.001514,
0.001600,
0.001350,
0.004558,
0.002703,
0.002525,
0.003099,
0.001512,
0.001776,
0.003664,
0.002829,
0.000964,
0.004409,
0.003800,
0.003231,
0.002100,
0.001072,
0.000068,
0.004678,
0.003914,
0.003697,
-0.000960,
-0.000521,
-0.001713,
0.001409,
0.001042,
-0.000655,
0.000221,
0.001459,
-0.001445,
-0.002890,
-0.000790,
-0.003852,
-0.005081,
-0.002130,
-0.004759,
-0.003219,
-0.000917,
-0.003657,
-0.001481,
-0.000069,
-0.001372,
-0.002217,
-0.001088,
-0.000893,
-0.001086,
0.000437,
-0.001865,
-0.002796,
-0.000445,
-0.002997,
-0.003443,
0.000530,
-0.003386,
-0.003164,
0.001122,
-0.003322,
-0.001796,
0.001136,
-0.001609,
-0.002984,
-0.000746,
-0.003003,
-0.002528,
-0.000821,
-0.001193,
-0.004041,
-0.001424,
-0.003744,
-0.004799,
-0.001343,
-0.004066,
-0.004556,
-0.000412,
-0.003598,
-0.006315,
-0.002311,
-0.005550,
-0.005428,
-0.001880,
-0.004490,
-0.006890,
-0.004123,
-0.006197,
0.001548,
0.001855,
-0.000851,
0.004253,
0.003673,
0.000977,
0.005035,
0.004140,
0.002730,
0.005941,
0.006628,
0.003964,
0.007180,
0.006400,
0.004030,
0.006544,
0.006893,
0.003634,
0.004738,
0.005604,
0.003121,
0.007531,
0.006902,
0.005945,
0.010810,
0.008997,
0.007222,
0.012921,
0.009108,
0.008449,
0.015227,
0.012145,
0.010004,
0.012786,
0.010032,
0.007157,
0.010180,
0.006511,
0.005827,
0.010478,
0.008606,
0.007519,
0.009505,
0.006363,
0.005360,
0.009207,
0.004451,
0.006503,
0.011550,
0.005031,
0.005667,
0.015433,
0.007131,
0.007966,
0.013149,
0.005562,
0.006622,
0.012453,
0.004131,
0.006205,
0.013086,
0.007822,
0.009244,
0.006370,
0.003763,
0.003056,
0.008867,
0.004945,
0.005347,
0.005849,
0.000943,
0.003140,
0.007820,
0.001632,
0.003324,
0.007644,
0.001518,
0.002961,
0.009642,
0.003346,
0.004193,
0.010331,
0.005330,
0.006852,
-0.004683,
-0.004974,
-0.005928,
-0.006266,
-0.006291,
-0.004135,
-0.004387,
-0.003710,
-0.002966,
-0.002160,
-0.002268,
-0.001565,
-0.005297,
-0.004759,
-0.003266,
-0.005331,
-0.004545,
-0.003657,
-0.002879,
-0.004368,
-0.003675,
-0.005724,
-0.005451,
-0.004423,
-0.008553,
-0.005865,
-0.004220,
-0.010081,
-0.006020,
-0.005314,
-0.012927,
-0.005995,
-0.004744,
-0.010174,
-0.003637,
-0.002473,
-0.007573,
-0.002080,
-0.002408,
-0.013801,
-0.010434,
-0.009487,
-0.005978,
-0.005684,
-0.003529,
-0.018231,
-0.015307,
-0.013153,
-0.021214,
-0.015716,
-0.013464,
-0.024034,
-0.015886,
-0.013353,
-0.026371,
-0.017903,
-0.016291,
-0.024447,
-0.016312,
-0.015740,
-0.022382,
-0.016776,
-0.015117,
-0.001650,
-0.001394,
-0.000197,
-0.001170,
0.006248,
0.003117,
-0.004592,
0.002780,
0.001208,
-0.002222,
0.003335,
-0.005537,
0.002238,
0.004548,
-0.004512,
0.003571,
0.002355,
-0.003700,
0.006263,
0.004596,
-0.003219,
-0.005912,
0.006129,
0.000200,
-0.007203,
0.015497,
0.002351,
-0.014208,
0.015147,
0.000174,
-0.012325,
0.019232,
-0.001088,
-0.011284,
0.017544,
-0.004923,
-0.009348,
0.016085,
-0.002388,
-0.010359,
0.011078,
-0.003873,
-0.004970,
0.006420,
0.001778,
-0.016567,
0.012889,
-0.004722,
-0.013772,
0.022145,
-0.000745,
-0.016080,
0.026063,
-0.002143,
-0.021093,
0.021161,
-0.008407,
-0.019260,
0.016800,
-0.008492,
-0.014153,
0.013763,
-0.006174,
-0.002262,
0.009102,
-0.001230,
-0.016921,
0.021176,
-0.004184,
-0.022750,
0.025029,
-0.005608,
-0.025029,
0.034757,
-0.006953,
-0.023099,
0.037652,
-0.008038,
-0.022358,
0.029846,
-0.006783,
-0.018529,
0.023168,
-0.007305,
-0.001682,
0.009388,
-0.001402,
-0.017438,
0.022376,
-0.005551,
-0.021768,
0.028842,
-0.002385,
-0.026992,
0.036323,
-0.006113,
-0.024968,
0.036206,
-0.010219,
-0.023610,
0.029678,
-0.007675,
-0.019808,
0.024024,
-0.007918,
0.000956,
0.006403,
-0.003256,
-0.015595,
0.015674,
-0.007181,
-0.020392,
0.022089,
-0.007839,
-0.022588,
0.030585,
-0.008938,
-0.026270,
0.027938,
-0.010023,
-0.022632,
0.027290,
-0.007538,
-0.017170,
0.023667,
-0.008704,
0.002026,
0.004134,
-0.005126,
-0.008695,
0.014079,
-0.005707,
-0.013671,
0.019478,
-0.006298,
-0.015389,
0.026788,
-0.008371,
-0.016032,
0.025891,
-0.007341,
-0.019510,
0.021603,
-0.010382,
-0.010522,
0.024412,
-0.005776,
-0.006618,
0.000152,
-0.000685,
0.005465,
0.011466,
0.008106,
0.002514,
0.014130,
0.004376,
0.003143,
0.013741,
-0.003855,
-0.011774,
-0.001748,
-0.012042,
-0.008858,
-0.009836,
-0.018470,
0.005518,
0.006987,
-0.005058,
-0.006403,
-0.005151,
-0.002839,
0.010111,
0.006144,
0.009365,
0.016173,
0.018774,
0.019797,
0.042802,
0.049100,
0.041781,
0.045622,
0.054414,
0.036196,
0.033862,
0.036305,
0.019918,
0.020810,
0.023775,
0.011260,
-0.020389,
-0.021768,
-0.015278,
-0.041330,
-0.054855,
-0.033858,
-0.062697,
-0.077628,
-0.046206,
-0.051545,
-0.066705,
-0.026245,
-0.018806,
-0.025764,
0.002160,
0.011249,
0.005337,
0.015838,
0.010280,
0.008834,
0.009054,
0.010364,
0.010341,
0.005314,
0.006311,
0.002834,
0.001678,
-0.014090,
-0.024823,
-0.003538,
-0.065782,
-0.084566,
-0.049038,
-0.086990,
-0.105580,
-0.066847,
-0.074260,
-0.094707,
-0.056380,
-0.050415,
-0.064495,
-0.032484,
0.031213,
0.028275,
0.007958,
0.047152,
0.052228,
0.022385,
0.076085,
0.081488,
0.047728,
0.090858,
0.094002,
0.066399,
0.065265,
0.065761,
0.049056,
0.033224,
0.027009,
0.025577,
0.004846,
-0.005606,
0.004367,
0.001924,
0.003128,
-0.004629,
-0.010571,
-0.004346,
-0.015911,
-0.012204,
-0.004444,
-0.017263,
0.008682,
0.015363,
-0.002177,
0.042576,
0.045206,
0.023346,
0.037582,
0.038496,
0.022775,
0.021983,
0.018024,
0.014907,
-0.011265,
-0.001379,
0.001998,
-0.011207,
-0.004267,
0.001572,
-0.014598,
-0.006111,
-0.000167,
-0.025808,
-0.019610,
-0.010999,
-0.027582,
-0.019625,
-0.014365,
-0.014892,
-0.013211,
-0.013947,
0.001448,
-0.000264,
-0.000828,
-0.002075,
0.000934,
-0.001869,
-0.001450,
0.002181,
0.000073,
-0.025026,
-0.006439,
-0.000275,
-0.020293,
-0.011196,
0.003103,
0.006725,
0.001049,
0.000624,
0.027913,
0.017280,
-0.001659,
0.012692,
0.005432,
-0.011685,
0.000270,
-0.008618,
-0.005207,
-0.000605,
-0.001713,
-0.002513,
-0.028967,
-0.009080,
0.001571,
-0.043795,
-0.021267,
0.009492,
-0.012277,
-0.013007,
-0.001905,
0.050944,
0.026845,
0.001002,
0.047327,
0.023841,
-0.003239,
0.009035,
-0.004192,
-0.003376,
0.014511,
0.006724,
-0.003697,
-0.018874,
-0.000243,
0.007240,
-0.071056,
-0.027044,
0.006136,
-0.048822,
-0.027790,
-0.004420,
0.047563,
0.034801,
0.007768,
0.062700,
0.024854,
-0.007955,
0.017734,
-0.000621,
0.000249,
0.021771,
0.004449,
-0.004535,
-0.006977,
0.007700,
0.006386,
-0.074084,
-0.024715,
0.011379,
-0.083278,
-0.043603,
-0.008663,
0.027725,
0.018248,
0.004581,
0.089303,
0.042459,
-0.002408,
0.020387,
-0.000562,
-0.000623,
0.025897,
-0.001358,
-0.006752,
0.006436,
0.011611,
0.005666,
-0.052393,
-0.009334,
0.017062,
-0.095920,
-0.048942,
-0.009270,
0.005004,
0.006153,
0.000533,
0.080788,
0.038410,
-0.002697,
0.014705,
-0.001236,
0.000457,
0.028909,
0.008593,
-0.002533,
0.011403,
0.009475,
0.003900,
-0.021744,
0.002429,
0.016962,
-0.075536,
-0.037651,
-0.008675,
-0.013553,
-0.003289,
-0.000298,
0.064962,
0.032209,
-0.002117,
0.009456,
0.003834,
0.000646,
0.020894,
0.005845,
-0.007012,
0.005886,
0.004022,
-0.000600,
-0.008517,
0.001326,
0.012069,
-0.046647,
-0.026174,
-0.002083,
-0.026125,
-0.016020,
-0.003896,
0.037111,
0.016952,
-0.003244,
-0.004804,
-0.004884,
0.003492,
-0.002119,
0.000059,
0.004208,
0.003108,
0.006419,
0.008150,
0.005629,
-0.002150,
0.000428,
0.001568,
-0.008298,
-0.006126,
0.005664,
-0.005958,
-0.002814,
0.005823,
0.000205,
-0.001056,
0.007799,
-0.002680,
-0.000029,
0.014441,
0.003207,
0.000132,
0.016419,
0.002031,
-0.003307,
0.014783,
-0.007011,
-0.011420,
0.005990,
-0.011428,
-0.018851,
0.008648,
-0.002727,
-0.006009,
0.002962,
0.002604,
-0.001317,
0.004689,
-0.009362,
-0.011883,
0.001322,
-0.017045,
-0.031686,
-0.001521,
-0.022319,
-0.040966,
-0.012581,
-0.028481,
-0.037274,
-0.016202,
-0.019916,
-0.027843,
-0.012492,
-0.003579,
-0.007364,
-0.006821,
0.007814,
0.015162,
-0.003532,
-0.006084,
-0.005494,
-0.006929,
-0.004725,
-0.010662,
-0.015157,
-0.003738,
0.003048,
-0.011927,
0.020287,
0.037992,
-0.010309,
0.034490,
0.055424,
-0.004457,
0.037429,
0.052573,
-0.001040,
0.029943,
0.040791,
0.004810,
0.017718,
0.024947,
0.002204,
0.031184,
0.049837,
0.006445,
0.044722,
0.074114,
0.011796,
0.063309,
0.091134,
0.008020,
0.051759,
0.066685,
0.004283,
0.026073,
0.029248,
0.014568,
0.020019,
0.016328,
-0.003384,
0.006378,
0.010210,
-0.007057,
0.009947,
0.017328,
-0.009634,
0.000818,
0.006154,
-0.018643,
-0.021312,
-0.027450,
-0.014650,
-0.037679,
-0.049099,
-0.007952,
-0.039553,
-0.049427,
-0.007812,
-0.034470,
-0.043217,
-0.000987,
-0.004860,
-0.011289,
0.001116,
-0.012559,
-0.019521,
0.005860,
-0.016196,
-0.029419,
0.010862,
-0.030980,
-0.037820,
0.010895,
-0.031258,
-0.035581,
0.021075,
-0.014998,
-0.014402,
0.020733,
0.002123,
0.002427,
-0.000000,
-0.000000,
-0.000000,
0.000000,
0.000000,
-0.000000,
0.000000,
0.000000,
-0.000000,
0.000000,
0.000000,
0.000000,
0.000000,
0.000000,
0.000000,
0.000000,
0.000000,
0.000000,
0.000000,
0.000000,
-0.000000,
0.000000,
-0.000000,
-0.000000,
0.000000,
0.000000,
-0.000000,
0.000000,
0.000000,
0.000000,
0.000000,
0.000000,
0.000000,
0.000000,
0.000000,
0.000000,
0.000000,
0.000000,
0.000000,
0.000000,
0.000000,
-0.000000,
0.000000,
-0.000000,
-0.000000,
0.000000,
0.000000,
-0.000000,
0.000000,
0.000000,
0.000000,
0.000000,
0.000000,
0.000000,
0.000000,
0.000000,
0.000000,
0.000000,
0.000000,
0.000000,
0.000000,
0.000000,
-0.000000,
-0.000000,
-0.000000,
-0.000000,
0.000000,
0.000000,
-0.000000,
0.000000,
0.000000,
-0.000000,
0.000000,
0.000000,
-0.000000,
0.000000,
0.000000,
0.000000,
0.000000,
0.000000,
0.000000,
0.000000,
0.000000,
-0.000000,
0.000000,
0.000000,
-0.000000,
0.000000,
0.000000,
0.000000,
0.000000,
0.000000,
0.000000,
0.000000,
0.000000,
0.000000,
0.000000,
0.000000,
0.000000,
0.000000,
0.000000,
-0.000000,
0.000000,
0.000000,
-0.000000,
0.000000,
0.000000,
0.000000,
0.000000,
0.000000,
0.000000,
0.000000,
0.000000,
0.000000,
0.000000,
0.000000,
0.000000,
0.000000,
0.000000,
0.000000,
0.000000,
0.000000,
0.000000,
0.000000,
0.000000,
-0.000000,
0.000000,
0.000000,
-0.000000,
0.000000,
0.000000,
-0.000000,
0.000000,
0.000000,
0.000000,
0.000000,
0.000000,
0.000000,
0.000000,
0.000000,
0.000000,
0.000000,
0.000000,
0.000000,
0.000000,
0.000000,
0.000000,
-0.002694,
-0.005030,
-0.014022,
-0.004979,
0.003701,
0.013542,
-0.004468,
0.010996,
0.029039,
-0.006514,
0.006125,
0.024895,
-0.002405,
-0.002717,
-0.000610,
0.000880,
-0.008904,
-0.014467,
-0.004265,
-0.005518,
-0.005999,
-0.008753,
-0.001094,
0.001849,
-0.004118,
0.013983,
0.044536,
-0.005813,
0.014312,
0.038875,
-0.006217,
-0.002477,
0.006455,
0.001429,
-0.016024,
-0.028719,
0.006439,
-0.013236,
-0.030827,
-0.000376,
-0.003617,
-0.008178,
-0.003615,
0.010958,
0.029520,
-0.004367,
0.020219,
0.056763,
-0.005669,
0.011632,
0.030093,
0.005671,
-0.009669,
-0.021985,
0.009898,
-0.027106,
-0.059569,
0.008768,
-0.014138,
-0.037475,
0.000581,
0.001018,
0.000921,
-0.006425,
0.014632,
0.040494,
-0.008730,
0.014960,
0.040876,
-0.003152,
-0.003267,
-0.007870,
0.008807,
-0.033840,
-0.076733,
0.014941,
-0.033078,
-0.078157,
0.004205,
-0.011817,
-0.021049,
-0.006661,
0.008531,
0.026830,
-0.006365,
0.005397,
0.019455,
-0.003018,
0.002427,
0.008526,
0.007073,
-0.012504,
-0.040706,
0.011928,
-0.035124,
-0.078578,
0.005864,
-0.019157,
-0.043209,
-0.007302,
-0.000964,
0.009115,
-0.010060,
0.016286,
0.048892,
0.000663,
0.000051,
-0.002220,
0.006459,
-0.000232,
-0.015491,
0.008682,
-0.012592,
-0.041880,
0.001941,
-0.023372,
-0.040479,
-0.001735,
0.002323,
0.005365,
-0.007634,
0.011420,
0.042211,
-0.005035,
0.019615,
0.054927,
0.003046,
-0.004573,
-0.005740,
0.002590,
-0.009631,
-0.016782,
0.003216,
-0.012338,
-0.022724,
-0.001429,
-0.008732,
-0.005574,
-0.009869,
0.001553,
0.024760,
-0.005141,
0.013330,
0.040698,
-0.012117,
0.005097,
0.023127,
-0.001976,
0.000556,
0.000417,
-0.018906,
-0.003224,
0.004466,
-0.001153,
-0.010528,
-0.015675,
0.050739,
0.035509,
0.003945,
0.016672,
0.012739,
0.010697,
-0.028272,
-0.024735,
-0.000160,
-0.017852,
-0.006456,
0.005205,
0.003115,
0.012206,
0.014215,
-0.018030,
-0.009899,
-0.000018,
0.005108,
-0.012388,
-0.029542,
0.086027,
0.063486,
0.015349,
0.005416,
0.002659,
0.009268,
-0.066273,
-0.045197,
-0.014778,
-0.009817,
0.002107,
0.006344,
-0.009118,
0.000187,
0.004957,
-0.022036,
-0.021434,
-0.016959,
0.029919,
0.012738,
-0.024274,
0.101102,
0.086046,
0.042134,
-0.054939,
-0.032287,
-0.003081,
-0.093625,
-0.060510,
-0.019274,
0.022336,
0.024446,
0.009827,
-0.007282,
-0.006291,
0.000320,
-0.006082,
-0.017451,
-0.025830,
0.086007,
0.061654,
0.015484,
0.056869,
0.061005,
0.043432,
-0.152757,
-0.095458,
-0.033114,
-0.074267,
-0.038190,
0.002708,
0.070232,
0.050020,
0.012132,
-0.002856,
-0.006463,
-0.005682,
0.017568,
-0.008952,
-0.021309,
0.082953,
0.071191,
0.027200,
-0.014611,
0.005351,
0.011027,
-0.161239,
-0.097375,
-0.029467,
-0.016584,
0.004302,
0.015731,
0.071032,
0.035723,
-0.006850,
0.000950,
-0.007352,
-0.006277,
0.033984,
0.012267,
-0.002408,
0.029967,
0.034972,
0.017921,
-0.050076,
-0.028154,
-0.000570,
-0.072068,
-0.032314,
0.002279,
0.036069,
0.028391,
0.014589,
0.052162,
0.008644,
-0.025376,
0.005067,
-0.000253,
0.005395,
0.010205,
0.010615,
0.001477,
-0.014925,
-0.002249,
-0.000740,
-0.047090,
-0.032090,
-0.008986,
-0.023879,
-0.015114,
0.002931,
0.035632,
0.005038,
0.002371,
0.029147,
-0.004985,
-0.021147,
0.000000,
-0.000000,
-0.000000,
0.000000,
-0.000000,
-0.000000,
0.000000,
-0.000000,
-0.000000,
0.000000,
-0.000000,
0.000000,
0.000000,
-0.000000,
-0.000000,
0.000000,
-0.000000,
0.000000,
0.000000,
0.000000,
0.000000,
0.000000,
-0.000000,
-0.000000,
0.000000,
-0.000000,
-0.000000,
0.000000,
-0.000000,
-0.000000,
0.000000,
-0.000000,
-0.000000,
0.000000,
-0.000000,
-0.000000,
0.000000,
-0.000000,
-0.000000,
0.000000,
-0.000000,
0.000000,
-0.000000,
-0.000000,
-0.000000,
-0.000000,
-0.000000,
-0.000000,
-0.000000,
-0.000000,
-0.000000,
0.000000,
-0.000000,
-0.000000,
0.000000,
-0.000000,
-0.000000,
0.000000,
-0.000000,
-0.000000,
0.000000,
-0.000000,
0.000000,
-0.000000,
-0.000000,
-0.000000,
0.000000,
-0.000000,
-0.000000,
0.000000,
-0.000000,
-0.000000,
0.000000,
-0.000000,
-0.000000,
0.000000,
-0.000000,
-0.000000,
0.000000,
-0.000000,
-0.000000,
0.000000,
-0.000000,
0.000000,
-0.000000,
-0.000000,
-0.000000,
-0.000000,
-0.000000,
-0.000000,
0.000000,
-0.000000,
-0.000000,
0.000000,
-0.000000,
-0.000000,
0.000000,
-0.000000,
-0.000000,
0.000000,
-0.000000,
-0.000000,
0.000000,
0.000000,
0.000000,
-0.000000,
-0.000000,
-0.000000,
-0.000000,
-0.000000,
-0.000000,
-0.000000,
-0.000000,
-0.000000,
-0.000000,
-0.000000,
-0.000000,
-0.000000,
-0.000000,
-0.000000,
-0.000000,
-0.000000,
-0.000000,
-0.000000,
-0.000000,
-0.000000,
-0.000000,
-0.000000,
-0.000000,
-0.000000,
-0.000000,
-0.000000,
-0.000000,
-0.000000,
-0.000000,
-0.000000,
-0.000000,
-0.000000,
-0.000000,
-0.000000,
-0.000000,
-0.000000,
-0.000000,
-0.000000,
-0.000000,
-0.000000,
-0.000000,
0.007197,
0.005519,
0.004043,
0.009874,
0.004453,
0.006116,
0.001631,
-0.003858,
-0.002629,
0.003219,
0.000705,
0.002246,
0.002001,
0.000042,
0.003854,
0.001189,
0.002362,
0.001111,
0.003479,
0.003936,
-0.001502,
0.011924,
0.005328,
0.005163,
0.004916,
-0.008366,
-0.005569,
0.001184,
-0.008860,
-0.007259,
-0.000288,
-0.008453,
-0.005439,
0.002154,
-0.005603,
-0.005122,
0.003013,
0.000650,
-0.003853,
0.003096,
-0.001379,
-0.006426,
0.006029,
0.002162,
0.003172,
-0.008399,
-0.017165,
-0.015910,
-0.009267,
-0.017060,
-0.014688,
-0.005053,
-0.009206,
-0.005814,
-0.002956,
-0.008394,
-0.003476,
0.003465,
0.000377,
0.002172,
0.003079,
0.001081,
-0.002809,
-0.001287,
-0.001907,
0.000495,
-0.009961,
-0.016504,
-0.015182,
-0.011865,
-0.018284,
-0.015751,
-0.008125,
-0.010874,
-0.006872,
-0.005536,
-0.007259,
-0.003003,
0.000342,
-0.000914,
0.003344,
0.003810,
0.004375,
0.003703,
-0.003819,
-0.004180,
-0.002404,
-0.009170,
-0.014140,
-0.013195,
-0.008588,
-0.012718,
-0.010576,
-0.012219,
-0.012986,
-0.007407,
-0.005599,
-0.006967,
-0.002710,
0.000600,
-0.000058,
0.004998,
0.004425,
0.004714,
0.005248,
-0.005550,
-0.002572,
-0.000781,
-0.008158,
-0.010276,
-0.007070,
-0.005822,
-0.007895,
-0.004885,
-0.010463,
-0.009875,
-0.005068,
-0.003445,
-0.002919,
0.000359,
-0.001683,
-0.000958,
0.003568,
0.002271,
0.002196,
0.002443,
-0.003004,
0.002609,
0.008946,
-0.003502,
-0.000977,
0.003272,
-0.004859,
-0.004342,
0.001934,
0.000623,
0.001640,
0.008487,
-0.000903,
-0.000650,
0.002245,
0.004320,
0.003514,
0.003932,
0.009943,
0.010899,
0.008480,
0.002195,
0.004097,
-0.007326,
0.005779,
-0.002272,
-0.007036,
-0.012634,
-0.007131,
-0.011033,
-0.000947,
0.020142,
0.023165,
0.004124,
0.010232,
0.010071,
-0.012704,
-0.031524,
-0.020384,
0.009188,
0.003904,
0.000600,
0.008431,
0.000382,
-0.005414,
-0.011088,
-0.017807,
-0.020453,
-0.010862,
0.015858,
0.007658,
0.015565,
0.044450,
0.042882,
-0.003680,
-0.011605,
-0.007580,
-0.011214,
-0.032864,
-0.027121,
0.005786,
0.008498,
0.004450,
-0.008543,
-0.014441,
-0.021441,
-0.023116,
-0.012181,
-0.017283,
0.035026,
0.070622,
0.059518,
0.027587,
0.024571,
0.035325,
-0.039496,
-0.074295,
-0.058980,
-0.001091,
-0.014718,
-0.012083,
0.012902,
0.017699,
0.013889,
-0.012532,
0.001453,
-0.003096,
0.022127,
0.054547,
0.043581,
0.054523,
0.072841,
0.068227,
-0.052264,
-0.122761,
-0.095114,
-0.039550,
-0.094055,
-0.075170,
0.030609,
0.048601,
0.048510,
-0.001389,
0.015146,
0.015957,
0.003014,
0.021903,
0.016736,
0.042331,
0.059864,
0.057472,
-0.016400,
-0.051650,
-0.038950,
-0.083085,
-0.160339,
-0.141772,
0.036321,
0.049832,
0.041565,
0.041159,
0.083634,
0.076472,
-0.017023,
-0.005182,
-0.007161,
0.004631,
0.011997,
0.006056,
0.002895,
-0.012551,
-0.007563,
-0.052952,
-0.092633,
-0.084481,
0.006932,
0.000931,
0.002453,
0.071204,
0.124144,
0.114592,
-0.009478,
0.011959,
0.008879,
-0.016235,
-0.030496,
-0.031278,
0.003738,
0.002817,
-0.000441,
-0.015231,
-0.034700,
-0.026178,
-0.011295,
-0.022973,
-0.021468,
0.041698,
0.079198,
0.067551,
0.006913,
0.046165,
0.039906,
-0.027377,
-0.042452,
-0.044984,
0.011390,
-0.012600,
-0.026547,
0.001578,
0.003452,
0.002782,
-0.004293,
-0.001648,
-0.003336,
-0.006770,
-0.006705,
-0.006982,
-0.005016,
-0.001964,
-0.002447,
-0.000046,
-0.006389,
-0.000267,
0.000966,
-0.008227,
0.001919,
0.000720,
-0.006655,
0.002837,
0.000205,
0.014313,
0.009236,
-0.004524,
0.011606,
0.001415,
-0.010732,
0.000256,
-0.013937,
-0.014495,
-0.003657,
-0.017806,
-0.011182,
-0.010434,
-0.016122,
-0.004656,
-0.011157,
-0.006733,
-0.003901,
-0.012268,
-0.007460,
0.013438,
0.024841,
0.012630,
0.017417,
0.045517,
0.027588,
0.009562,
0.043429,
0.020428,
-0.007093,
0.030006,
0.004099,
-0.012850,
0.010759,
-0.006799,
-0.017075,
-0.008787,
-0.020071,
-0.016098,
-0.016495,
-0.025636,
0.010966,
-0.002625,
-0.004568,
0.023985,
0.027014,
0.014388,
0.033587,
0.048927,
0.031692,
0.044494,
0.082726,
0.051208,
0.035161,
0.086710,
0.054457,
0.013706,
0.054842,
0.029146,
0.006339,
0.030836,
0.009611,
-0.015647,
-0.049320,
-0.036453,
-0.015682,
-0.054132,
-0.040562,
-0.011703,
-0.045782,
-0.041500,
0.005239,
-0.010924,
-0.020994,
0.024689,
0.032647,
-0.000036,
0.031913,
0.060448,
0.024688,
0.028673,
0.059717,
0.030522,
-0.009780,
-0.026816,
-0.006520,
-0.015550,
-0.041478,
-0.009886,
-0.025696,
-0.059947,
-0.027157,
-0.036599,
-0.072464,
-0.041790,
-0.028041,
-0.054993,
-0.041688,
-0.009947,
-0.021136,
-0.022864,
0.004384,
0.012123,
0.001553,
0.003643,
0.010554,
0.017586,
0.004949,
0.004157,
0.022246,
0.012060,
0.003636,
0.029324,
0.001660,
-0.015004,
0.019545,
-0.009795,
-0.031465,
0.001258,
-0.021907,
-0.045032,
-0.018160,
-0.015289,
-0.028554,
-0.018375,
0.000000,
0.000000,
0.000000,
0.000000,
0.000000,
0.000000,
-0.000000,
0.000000,
0.000000,
-0.000000,
0.000000,
0.000000,
0.000000,
0.000000,
0.000000,
-0.000000,
0.000000,
0.000000,
-0.000000,
0.000000,
0.000000,
-0.000000,
-0.000000,
0.000000,
-0.000000,
0.000000,
0.000000,
-0.000000,
-0.000000,
0.000000,
-0.000000,
-0.000000,
0.000000,
-0.000000,
-0.000000,
0.000000,
-0.000000,
-0.000000,
0.000000,
-0.000000,
-0.000000,
0.000000,
0.000000,
0.000000,
0.000000,
-0.000000,
0.000000,
0.000000,
-0.000000,
0.000000,
0.000000,
-0.000000,
0.000000,
0.000000,
-0.000000,
0.000000,
0.000000,
-0.000000,
-0.000000,
0.000000,
-0.000000,
0.000000,
0.000000,
0.000000,
0.000000,
0.000000,
-0.000000,
0.000000,
0.000000,
-0.000000,
0.000000,
0.000000,
-0.000000,
0.000000,
0.000000,
-0.000000,
0.000000,
0.000000,
-0.000000,
0.000000,
0.000000,
0.000000,
0.000000,
0.000000,
0.000000,
0.000000,
0.000000,
0.000000,
0.000000,
0.000000,
-0.000000,
0.000000,
0.000000,
0.000000,
0.000000,
0.000000,
0.000000,
0.000000,
0.000000,
0.000000,
0.000000,
0.000000,
0.000000,
0.000000,
0.000000,
0.000000,
0.000000,
0.000000,
0.000000,
0.000000,
0.000000,
-0.000000,
0.000000,
0.000000,
-0.000000,
0.000000,
0.000000,
-0.000000,
0.000000,
0.000000,
-0.000000,
0.000000,
0.000000,
0.000000,
0.000000,
0.000000,
0.000000,
0.000000,
0.000000,
0.000000,
0.000000,
0.000000,
0.000000,
0.000000,
0.000000,
0.000000,
0.000000,
0.000000,
0.000000,
0.000000,
0.000000,
0.000000,
0.000000,
0.000000,
0.000000,
0.000000,
0.000000,
-0.000825,
-0.000285,
0.001263,
-0.007625,
-0.008644,
-0.000325,
-0.007696,
-0.009628,
0.001087,
-0.003373,
-0.009382,
0.003106,
0.001540,
-0.003462,
0.006934,
0.006263,
-0.002625,
0.006210,
0.003210,
-0.003690,
-0.000032,
-0.016141,
-0.019518,
-0.010317,
-0.033822,
-0.041591,
-0.020715,
-0.031780,
-0.042663,
-0.021276,
-0.033712,
-0.045036,
-0.023592,
-0.033301,
-0.041787,
-0.020584,
-0.024407,
-0.034393,
-0.015774,
-0.026556,
-0.033532,
-0.017928,
0.002721,
-0.005478,
-0.001825,
-0.001303,
-0.013415,
-0.006392,
-0.012032,
-0.022302,
-0.010345,
-0.022470,
-0.029620,
-0.018538,
-0.020794,
-0.023928,
-0.016025,
-0.015032,
-0.019793,
-0.013138,
-0.013793,
-0.014712,
-0.009218,
0.018150,
0.018278,
0.006060,
0.034742,
0.030258,
0.013562,
0.034750,
0.030582,
0.015274,
0.035547,
0.036042,
0.018842,
0.029435,
0.030084,
0.014435,
0.019244,
0.020369,
0.007569,
0.021359,
0.025197,
0.011591,
0.009575,
0.013088,
0.003181,
0.020293,
0.024600,
0.006863,
0.021244,
0.031114,
0.007911,
0.030494,
0.042135,
0.014987,
0.031416,
0.040131,
0.017791,
0.017556,
0.024643,
0.009680,
0.016358,
0.024647,
0.013300,
0.000551,
0.000439,
-0.003720,
0.001163,
0.005021,
-0.001210,
-0.002493,
0.003613,
-0.002022,
-0.001654,
0.007395,
0.001069,
0.000066,
0.007791,
0.000535,
0.000030,
0.005370,
0.001176,
0.003575,
0.005511,
0.002367,
-0.008230,
-0.005051,
-0.006014,
-0.005584,
-0.000609,
0.000622,
-0.006758,
0.000293,
-0.000780,
-0.004407,
0.005327,
0.004086,
-0.006560,
0.002594,
0.000509,
-0.006638,
0.000774,
0.001388,
-0.006003,
-0.001312,
0.001372,
-0.008769,
0.001830,
-0.009651,
-0.003261,
0.008602,
-0.000745,
0.004665,
0.012818,
0.013599,
0.002632,
0.005270,
0.018109,
-0.004659,
-0.008617,
0.002096,
-0.001457,
-0.008146,
-0.000469,
-0.001702,
-0.007597,
-0.007038,
0.006744,
0.014360,
0.012497,
0.011083,
0.020312,
0.021039,
0.011690,
0.015146,
0.022624,
0.003158,
-0.008228,
0.009164,
-0.010399,
-0.028792,
-0.011030,
-0.004529,
-0.016535,
-0.009350,
0.007773,
0.000980,
-0.000667,
0.009129,
0.008979,
0.010162,
0.009644,
-0.000459,
0.009752,
-0.005192,
-0.021955,
-0.011854,
-0.019643,
-0.049228,
-0.034300,
-0.020733,
-0.049662,
-0.036275,
-0.002587,
-0.017387,
-0.017446,
0.003169,
0.005204,
0.001973,
-0.007334,
-0.018651,
-0.018367,
-0.013033,
-0.035622,
-0.033171,
-0.019212,
-0.049686,
-0.045768,
-0.019096,
-0.053811,
-0.046618,
-0.016571,
-0.037736,
-0.035683,
0.006773,
0.004890,
0.002536,
0.011453,
0.027125,
0.014894,
0.002040,
-0.010576,
-0.012842,
0.002476,
-0.012187,
-0.013638,
0.010500,
-0.001423,
0.001456,
0.013149,
0.010680,
0.011959,
0.017674,
0.030820,
0.027500,
0.028089,
0.050220,
0.041637,
0.020130,
0.041041,
0.027635,
0.006225,
0.000673,
0.005087,
0.008845,
0.006783,
0.011325,
0.011666,
0.020188,
0.025011,
0.008786,
0.021422,
0.026882,
0.005440,
0.031298,
0.026882,
0.013668,
0.037204,
0.029599,
-0.006247,
0.007375,
0.000891,
-0.003032,
0.002099,
0.004324,
-0.001305,
0.004629,
0.006644,
-0.005959,
0.007384,
0.009409,
-0.010926,
0.006611,
0.005604,
-0.009892,
0.012486,
0.005599,
-0.004744,
0.010980,
0.001357,
-0.020014,
-0.009832,
-0.022320,
-0.001684,
-0.004620,
-0.003493,
-0.004865,
-0.001491,
-0.003122,
-0.009999,
-0.000324,
-0.002064,
-0.010362,
0.011293,
-0.000198,
-0.004775,
0.013734,
0.002247,
-0.001940,
0.014557,
-0.001977,
0.000832,
0.010459,
-0.002816,
0.007573,
0.012263,
-0.000104,
0.013468,
0.027523,
0.007555,
0.019621,
0.037146,
0.012862,
0.034513,
0.057730,
0.023699,
0.035591,
0.057580,
0.022391,
0.032064,
0.044566,
0.016211,
0.023202,
0.030816,
0.012563,
0.018619,
0.026359,
0.010117,
0.030317,
0.039450,
0.017338,
0.037830,
0.046092,
0.018605,
0.042053,
0.041808,
0.020297,
0.025358,
0.024706,
0.005370,
0.012761,
0.004836,
-0.004136,
0.004351,
-0.004698,
-0.007349,
-0.000923,
-0.001958,
-0.007077,
-0.003998,
-0.017018,
-0.016415,
-0.012632,
-0.029840,
-0.019453,
-0.028656,
-0.052150,
-0.032870,
-0.036408,
-0.059312,
-0.035542,
-0.033914,
-0.057506,
-0.028990,
-0.021199,
-0.043585,
-0.021236,
-0.011714,
-0.014579,
-0.000312,
-0.025739,
-0.035123,
-0.006160,
-0.030027,
-0.043100,
-0.004745,
-0.035373,
-0.053942,
-0.010540,
-0.029932,
-0.046226,
-0.005249,
-0.013661,
-0.028087,
0.007668,
-0.010990,
-0.019722,
0.005684,
-0.003847,
-0.005356,
-0.001645,
-0.006468,
-0.012811,
-0.000233,
-0.004957,
-0.009240,
0.006363,
-0.004852,
-0.010071,
0.005495,
0.000517,
-0.005985,
0.007237,
0.001361,
-0.002303,
0.002290,
-0.002436,
0.000480,
-0.001025,
-0.000872,
0.003048,
-0.004045,
-0.000470,
0.002154,
-0.002993,
0.002345,
0.006575,
0.000395,
0.002049,
0.004648,
-0.001771,
0.003507,
0.008266,
0.001886,
0.004504,
0.010950,
0.000347,
-0.000006,
0.010238,
-0.002550,
-0.005661,
-0.004024,
-0.004030,
-0.003890,
-0.009649,
0.000411,
-0.000507,
0.006903,
0.010468,
-0.000990,
0.002052,
0.004090,
-0.001047,
-0.005545,
-0.002668,
-0.001870,
-0.000846,
-0.008881,
0.001140,
0.007805,
0.004805,
-0.001810,
-0.004408,
0.001064,
-0.000906,
-0.006392,
0.001185,
0.014950,
0.022751,
0.019988,
-0.010001,
-0.002059,
0.006540,
-0.025142,
-0.036291,
-0.030551,
0.007424,
0.004286,
-0.006524,
0.016994,
0.024703,
0.018933,
0.002293,
-0.005448,
-0.009558,
-0.005752,
-0.014743,
-0.019108,
0.019474,
0.026624,
0.026875,
0.035319,
0.065107,
0.061605,
-0.038961,
-0.042251,
-0.038659,
-0.041036,
-0.061936,
-0.059138,
0.022735,
0.023664,
0.013917,
0.008957,
0.003989,
0.005682,
-0.020564,
-0.034471,
-0.034080,
-0.051150,
-0.073228,
-0.059416,
0.063685,
0.088384,
0.087876,
0.076719,
0.108850,
0.112351,
-0.037483,
-0.046023,
-0.038962,
-0.036685,
-0.045838,
-0.043830,
0.013684,
0.025010,
0.016085,
0.020816,
0.019522,
0.012103,
-0.079092,
-0.110915,
-0.101009,
-0.039842,
-0.059101,
-0.051219,
0.099408,
0.124901,
0.116927,
0.028818,
0.052228,
0.057805,
-0.034803,
-0.036906,
-0.033476,
-0.000490,
0.005008,
0.004473,
0.041026,
0.054502,
0.048729,
0.016996,
0.014993,
0.014490,
-0.082318,
-0.116794,
-0.112226,
-0.019361,
-0.035335,
-0.035534,
0.043972,
0.058092,
0.061206,
0.015655,
0.018815,
0.020896,
-0.019359,
-0.018245,
-0.020311,
-0.003775,
0.003019,
0.002232,
0.050592,
0.061837,
0.052155,
0.013576,
0.000920,
-0.000548,
-0.043614,
-0.062076,
-0.061510,
0.000268,
0.005911,
0.006072,
0.004875,
0.012741,
0.007560,
-0.002669,
-0.001988,
0.001645,
-0.000273,
-0.000795,
-0.002902,
0.000550,
0.001820,
0.001552,
-0.000513,
-0.000199,
-0.001910,
-0.003960,
-0.001085,
-0.004303,
-0.000738,
0.001848,
-0.001609,
-0.001926,
0.000835,
-0.003079,
0.002705,
-0.004122,
-0.003563,
0.007753,
0.001284,
-0.002134,
0.007938,
0.002043,
-0.001763,
0.009525,
0.001745,
-0.002146,
0.008075,
0.001141,
-0.003750,
0.003751,
-0.000281,
-0.007771,
0.006095,
-0.000315,
-0.006810,
0.002571,
-0.002230,
-0.001192,
0.007620,
0.000859,
0.000295,
0.014245,
0.002748,
0.000762,
0.020924,
0.008355,
0.002512,
0.019656,
0.008185,
0.003056,
0.008138,
0.004133,
-0.001663,
0.004422,
0.000850,
-0.007339,
0.003963,
-0.001590,
0.001113,
0.016130,
0.004287,
0.004264,
0.029399,
0.008412,
0.006549,
0.037367,
0.014365,
0.008390,
0.035404,
0.013872,
0.008114,
0.019312,
0.008987,
0.002301,
0.009575,
0.002893,
-0.003972,
0.001370,
-0.003649,
-0.000805,
0.016133,
0.004228,
0.003182,
0.025768,
0.009683,
0.007263,
0.031308,
0.011078,
0.005699,
0.029321,
0.010989,
0.007904,
0.015505,
0.006437,
0.002469,
0.006209,
0.002131,
-0.003186,
-0.004445,
-0.007244,
-0.004444,
0.005157,
-0.001804,
-0.003632,
0.007419,
-0.002713,
-0.002344,
0.010602,
0.002234,
-0.001823,
0.007026,
-0.000359,
-0.003744,
0.001974,
-0.000823,
-0.004684,
0.000393,
-0.003309,
-0.006313,
-0.001722,
-0.003855,
-0.000767,
0.005863,
-0.001775,
-0.000880,
0.000215,
-0.004100,
-0.003386,
0.003535,
0.000067,
-0.001981,
0.002511,
-0.000926,
-0.002236,
0.002318,
-0.000714,
-0.003946,
0.002405,
-0.001882,
-0.005955,
-0.000000,
-0.000000,
0.000000,
-0.000000,
-0.000000,
0.000000,
-0.000000,
0.000000,
0.000000,
-0.000000,
0.000000,
0.000000,
-0.000000,
0.000000,
0.000000,
-0.000000,
0.000000,
0.000000,
-0.000000,
0.000000,
0.000000,
-0.000000,
0.000000,
0.000000,
-0.000000,
0.000000,
0.000000,
-0.000000,
0.000000,
0.000000,
-0.000000,
0.000000,
0.000000,
-0.000000,
0.000000,
0.000000,
-0.000000,
0.000000,
0.000000,
-0.000000,
0.000000,
0.000000,
-0.000000,
0.000000,
0.000000,
-0.000000,
0.000000,
0.000000,
-0.000000,
0.000000,
0.000000,
-0.000000,
0.000000,
0.000000,
-0.000000,
0.000000,
0.000000,
-0.000000,
0.000000,
0.000000,
-0.000000,
0.000000,
0.000000,
-0.000000,
0.000000,
0.000000,
-0.000000,
0.000000,
0.000000,
-0.000000,
0.000000,
0.000000,
0.000000,
0.000000,
0.000000,
-0.000000,
0.000000,
0.000000,
-0.000000,
0.000000,
0.000000,
-0.000000,
0.000000,
0.000000,
-0.000000,
0.000000,
0.000000,
-0.000000,
0.000000,
0.000000,
-0.000000,
0.000000,
0.000000,
-0.000000,
0.000000,
0.000000,
-0.000000,
0.000000,
0.000000,
-0.000000,
0.000000,
0.000000,
-0.000000,
0.000000,
0.000000,
-0.000000,
0.000000,
0.000000,
-0.000000,
0.000000,
0.000000,
-0.000000,
0.000000,
0.000000,
-0.000000,
0.000000,
0.000000,
-0.000000,
0.000000,
0.000000,
-0.000000,
0.000000,
0.000000,
-0.000000,
0.000000,
0.000000,
0.000000,
0.000000,
0.000000,
-0.000000,
0.000000,
0.000000,
0.000000,
0.000000,
0.000000,
-0.000000,
0.000000,
0.000000,
-0.000000,
0.000000,
0.000000,
-0.000000,
0.000000,
0.000000,
0.000000,
0.000000,
0.000000,
0.020563,
0.015497,
0.012096,
-0.001992,
-0.006022,
-0.001231,
-0.011984,
-0.013011,
-0.007730,
-0.020063,
-0.017608,
-0.013582,
-0.006056,
-0.001710,
0.000250,
-0.001293,
-0.000773,
-0.003305,
0.008771,
0.012541,
0.006894,
-0.000542,
-0.004864,
-0.004931,
-0.020157,
-0.020190,
-0.016691,
-0.023354,
-0.021403,
-0.018812,
-0.029184,
-0.024137,
-0.024072,
-0.002553,
0.000391,
-0.000702,
0.002850,
0.001669,
0.000085,
0.016207,
0.016600,
0.011715,
-0.000904,
-0.002987,
-0.002322,
-0.017519,
-0.017104,
-0.012514,
-0.024674,
-0.020658,
-0.018479,
-0.019915,
-0.014647,
-0.015870,
0.006594,
0.009117,
0.008704,
0.015742,
0.012177,
0.013672,
0.020871,
0.020671,
0.018458,
-0.008513,
-0.008204,
-0.007347,
-0.022812,
-0.021063,
-0.017425,
-0.022161,
-0.016385,
-0.013845,
-0.010745,
-0.008015,
-0.005132,
0.014901,
0.014665,
0.015177,
0.017968,
0.013574,
0.013845,
0.020903,
0.019128,
0.017080,
-0.006168,
-0.005238,
-0.000046,
-0.017984,
-0.014199,
-0.010430,
-0.011571,
-0.006869,
-0.003855,
-0.002846,
-0.003046,
-0.000028,
0.023553,
0.018304,
0.018888,
0.021296,
0.015219,
0.013204,
0.024211,
0.021564,
0.019007,
-0.007425,
-0.005967,
-0.002306,
-0.012737,
-0.010941,
-0.004191,
-0.001685,
-0.000290,
0.003578,
0.002565,
0.000405,
0.003463,
0.022266,
0.018199,
0.018968,
0.014899,
0.008646,
0.006796,
0.018853,
0.013480,
0.011234,
-0.004807,
-0.003809,
0.000241,
-0.005008,
-0.004476,
-0.000239,
0.002198,
0.001599,
0.006288,
0.010546,
0.008676,
0.010379,
0.022344,
0.021450,
0.016817,
0.015063,
0.011793,
0.004423,
0.007961,
0.005355,
-0.001798,
-0.002554,
0.003410,
0.005759,
0.010066,
-0.002091,
-0.005602,
0.017820,
-0.007137,
-0.010937,
0.015131,
-0.006968,
-0.010489,
0.009394,
0.000345,
-0.000817,
-0.019658,
-0.010709,
0.000396,
-0.018975,
-0.000075,
0.004944,
-0.019823,
-0.004331,
0.003478,
0.011810,
0.012031,
0.006925,
0.034573,
0.010593,
0.002875,
0.051344,
0.011081,
-0.012594,
0.039816,
0.002274,
-0.007979,
-0.010741,
-0.018538,
-0.006430,
-0.024905,
-0.014119,
-0.003031,
-0.046314,
-0.012975,
0.002235,
-0.047635,
-0.013775,
0.002593,
-0.002003,
0.010115,
0.011099,
0.067616,
0.045821,
0.015091,
0.121202,
0.060617,
0.014003,
0.057634,
0.008988,
-0.005190,
0.001598,
-0.017748,
-0.011910,
-0.011872,
0.004244,
0.007206,
-0.077716,
-0.029729,
0.001652,
-0.124014,
-0.052215,
-0.005136,
-0.080890,
-0.031766,
-0.005269,
0.052484,
0.031799,
0.014561,
0.090542,
0.039110,
0.002430,
0.064489,
0.015735,
-0.005402,
0.042420,
0.023172,
0.004542,
0.001637,
0.012418,
0.010442,
-0.095648,
-0.023676,
0.004821,
-0.177701,
-0.073773,
-0.012021,
-0.098667,
-0.038899,
-0.003490,
-0.006612,
0.003753,
0.004935,
0.037146,
0.019232,
0.007087,
0.040559,
0.003531,
-0.007671,
0.068294,
0.031535,
0.002783,
0.045954,
0.038803,
0.017631,
-0.054660,
-0.005234,
0.010031,
-0.095630,
-0.031948,
0.001767,
-0.060392,
-0.014134,
0.004008,
-0.026175,
-0.007304,
-0.001932,
0.010157,
-0.019353,
-0.014470,
0.051514,
-0.001193,
-0.014063,
0.069181,
0.011908,
-0.015899,
0.044544,
0.017967,
-0.001012,
0.007256,
0.009757,
0.009269,
-0.027485,
-0.003127,
0.011333,
-0.022325,
-0.007689,
-0.003246,
0.000000,
0.000000,
-0.000000,
-0.000000,
0.000000,
0.000000,
-0.000000,
0.000000,
-0.000000,
-0.000000,
-0.000000,
-0.000000,
-0.000000,
0.000000,
-0.000000,
-0.000000,
-0.000000,
-0.000000,
-0.000000,
-0.000000,
-0.000000,
0.000000,
0.000000,
0.000000,
0.000000,
0.000000,
0.000000,
0.000000,
0.000000,
0.000000,
-0.000000,
0.000000,
0.000000,
0.000000,
0.000000,
0.000000,
-0.000000,
0.000000,
0.000000,
0.000000,
0.000000,
0.000000,
0.000000,
0.000000,
0.000000,
0.000000,
0.000000,
0.000000,
0.000000,
0.000000,
0.000000,
0.000000,
0.000000,
0.000000,
-0.000000,
0.000000,
0.000000,
0.000000,
0.000000,
0.000000,
0.000000,
0.000000,
0.000000,
0.000000,
0.000000,
0.000000,
0.000000,
0.000000,
0.000000,
0.000000,
0.000000,
0.000000,
0.000000,
0.000000,
0.000000,
-0.000000,
0.000000,
0.000000,
-0.000000,
0.000000,
0.000000,
0.000000,
0.000000,
0.000000,
0.000000,
0.000000,
0.000000,
0.000000,
0.000000,
0.000000,
-0.000000,
0.000000,
0.000000,
0.000000,
0.000000,
0.000000,
0.000000,
0.000000,
0.000000,
-0.000000,
0.000000,
0.000000,
0.000000,
0.000000,
0.000000,
0.000000,
0.000000,
0.000000,
0.000000,
0.000000,
0.000000,
0.000000,
0.000000,
0.000000,
0.000000,
0.000000,
0.000000,
0.000000,
0.000000,
0.000000,
0.000000,
0.000000,
0.000000,
0.000000,
0.000000,
0.000000,
0.000000,
0.000000,
0.000000,
0.000000,
0.000000,
0.000000,
0.000000,
0.000000,
0.000000,
0.000000,
0.000000,
0.000000,
0.000000,
0.000000,
0.000000,
0.000000,
0.000000,
0.000000,
0.000000,
0.000000,
0.000000,
0.007852,
0.007216,
-0.005779,
0.005911,
0.003018,
-0.008468,
0.003066,
0.000057,
-0.005766,
-0.004204,
-0.002430,
-0.005700,
0.002225,
0.002149,
-0.000516,
0.007059,
0.004153,
-0.002621,
0.008894,
0.004694,
-0.004803,
0.008494,
0.007481,
-0.001526,
0.005527,
-0.000020,
-0.008644,
0.006892,
-0.001224,
-0.003510,
0.002693,
-0.005176,
-0.003057,
-0.004325,
-0.005411,
-0.001787,
-0.001262,
-0.006460,
-0.007198,
0.004271,
0.001388,
-0.005122,
0.009059,
0.004853,
0.001026,
0.006654,
0.000528,
0.001412,
0.000190,
-0.006808,
0.003778,
-0.003402,
-0.005276,
0.006694,
-0.002577,
-0.000487,
0.006360,
-0.003388,
-0.000692,
0.004534,
0.001748,
0.002729,
0.005749,
-0.005329,
-0.004937,
-0.006965,
-0.002161,
-0.004642,
-0.001937,
-0.003494,
-0.001549,
0.012160,
-0.011287,
-0.008100,
0.005208,
-0.005114,
-0.004002,
-0.001384,
-0.004820,
-0.007045,
-0.006855,
0.001052,
-0.005683,
0.000966,
0.003254,
0.004197,
0.004322,
0.000034,
-0.001203,
0.006234,
-0.005185,
-0.001949,
0.006932,
-0.004187,
-0.003543,
-0.007103,
-0.000685,
-0.009995,
-0.033536,
-0.002010,
-0.013965,
-0.040867,
-0.001143,
-0.008579,
-0.019982,
-0.001881,
0.002323,
-0.002381,
0.001548,
-0.000238,
0.003767,
-0.006017,
-0.003960,
0.001695,
-0.004837,
-0.009744,
-0.026251,
0.000432,
-0.015433,
-0.054696,
0.001704,
-0.015977,
-0.060693,
-0.006608,
-0.017025,
-0.040005,
-0.003257,
0.000528,
-0.004538,
-0.001285,
-0.002769,
-0.002201,
0.002674,
0.005691,
0.009255,
-0.004976,
-0.003424,
-0.012117,
-0.004332,
-0.011373,
-0.034885,
-0.002621,
-0.012094,
-0.036359,
0.001377,
-0.002532,
-0.011841,
0.004443,
0.000516,
0.002435,
0.006709,
0.005304,
0.005530,
-0.000010,
-0.001464,
0.004327,
-0.013431,
-0.015556,
-0.005701,
-0.021482,
-0.026960,
-0.012698,
-0.005553,
-0.010524,
-0.004343,
0.014493,
0.004493,
0.007888,
0.001660,
0.002692,
0.002248,
0.004802,
0.010509,
0.002842,
0.005824,
0.008596,
0.008993,
-0.009347,
-0.007699,
-0.001593,
-0.031680,
-0.032769,
-0.018111,
-0.020419,
-0.027587,
-0.011718,
-0.006852,
-0.016145,
-0.002133,
0.009846,
0.009437,
0.001801,
0.015598,
0.020836,
0.007182,
0.020519,
0.027493,
0.014965,
0.008466,
0.013642,
0.005565,
-0.024205,
-0.023373,
-0.016944,
-0.027902,
-0.034663,
-0.019397,
-0.025527,
-0.033105,
-0.014933,
-0.001857,
0.000506,
0.000561,
0.008659,
0.017069,
0.002321,
0.033892,
0.045250,
0.023046,
0.046414,
0.060286,
0.034135,
0.011979,
0.019421,
0.010784,
-0.012965,
-0.011375,
-0.005870,
-0.029413,
-0.026055,
-0.013428,
-0.007222,
-0.009050,
-0.004856,
-0.002252,
-0.002341,
-0.006341,
0.011690,
0.019242,
0.004308,
0.037627,
0.052202,
0.027734,
0.030108,
0.045021,
0.023039,
0.015155,
0.021682,
0.013414,
-0.014463,
-0.008659,
-0.004476,
-0.009605,
-0.015915,
-0.004503,
-0.015429,
-0.019743,
-0.015940,
-0.008140,
-0.009415,
-0.009698,
0.018206,
0.020241,
0.006495,
0.021470,
0.029836,
0.014498,
0.021142,
0.029561,
0.016088,
0.004001,
0.011651,
0.008343,
-0.010769,
-0.012786,
0.001725,
-0.027037,
-0.031755,
-0.019408,
-0.025846,
-0.028190,
-0.020578,
-0.007165,
-0.006911,
-0.009450,
0.002277,
0.007672,
-0.000375,
0.009327,
0.020264,
0.004972,
-0.002339,
0.006720,
-0.003823,
-0.003234,
0.002598,
-0.005952,
-0.020158,
0.010797,
0.005140,
-0.007777,
0.016877,
-0.010771,
-0.004920,
0.001164,
-0.003303,
-0.009312,
0.006771,
0.019458,
-0.016664,
-0.013849,
0.019321,
0.032151,
-0.004126,
0.002840,
-0.022576,
0.009329,
0.021868,
-0.041390,
0.011473,
0.027536,
-0.008102,
0.009398,
0.002031,
0.037907,
-0.037103,
0.000263,
-0.029500,
-0.011064,
0.044020,
-0.094235,
-0.020807,
0.094718,
-0.061079,
-0.030782,
0.088289,
-0.002585,
0.017264,
-0.014016,
-0.012386,
0.024633,
-0.014915,
0.043705,
-0.002726,
-0.043813,
0.158410,
-0.071743,
-0.111022,
0.100287,
-0.042732,
-0.047686,
-0.067386,
0.005507,
0.056518,
-0.079800,
-0.018498,
0.092893,
-0.004443,
0.006643,
-0.000346,
-0.043178,
0.015255,
0.039480,
-0.004728,
0.040150,
-0.041734,
0.194096,
0.008809,
-0.197679,
0.234031,
-0.018631,
-0.237280,
0.030322,
0.034968,
-0.055118,
-0.047634,
0.002167,
0.045868,
-0.022883,
-0.012401,
0.040310,
-0.122591,
-0.028963,
0.143831,
-0.133497,
0.035069,
0.111415,
-0.010062,
0.103233,
-0.081441,
0.127438,
0.068326,
-0.207424,
0.026305,
0.051370,
-0.085477,
-0.071487,
0.012797,
0.059516,
0.029053,
-0.018352,
-0.006802,
-0.020274,
-0.060929,
0.091658,
-0.135706,
-0.041100,
0.148585,
-0.116490,
0.059893,
0.067593,
-0.008347,
0.053630,
-0.037432,
-0.013549,
0.024603,
-0.009722,
-0.053332,
-0.015523,
0.068217,
0.069992,
-0.008202,
-0.057531,
0.071507,
-0.060528,
-0.009192,
0.013323,
-0.048523,
0.039504,
-0.008854,
-0.014217,
0.013054,
0.035119,
-0.013375,
-0.027564,
0.041005,
-0.035256,
-0.009120,
0.011890,
-0.057183,
0.047340,
-0.004065,
-0.009447,
-0.007672,
0.007242,
0.011135,
0.015860,
-0.007909,
-0.001411,
0.002677,
-0.023216,
-0.017174,
-0.015056,
0.017819,
0.016469,
0.008528,
0.006269,
0.002530,
-0.005749,
0.003009,
-0.007916,
-0.009902,
-0.004552,
-0.007279,
-0.008621,
-0.003027,
0.000895,
-0.004828,
0.001610,
0.005374,
0.006854,
-0.034383,
-0.035185,
-0.017830,
0.018267,
0.022156,
0.021743,
0.037184,
0.033733,
0.024047,
-0.014310,
-0.032924,
-0.033927,
-0.006810,
-0.003574,
-0.006569,
0.016986,
0.010776,
0.000683,
0.052452,
0.059657,
0.044486,
-0.053511,
-0.053091,
-0.042571,
-0.085067,
-0.077635,
-0.059262,
0.064699,
0.074298,
0.068091,
0.007259,
0.000092,
-0.005367,
0.005968,
0.004241,
0.014588,
-0.045180,
-0.066930,
-0.058703,
0.041798,
0.038016,
0.031025,
0.111007,
0.120716,
0.110269,
-0.117514,
-0.115193,
-0.086887,
-0.056023,
-0.045250,
-0.036539,
0.058757,
0.058944,
0.056856,
0.025766,
0.031509,
0.026747,
-0.044742,
-0.052965,
-0.044412,
-0.052186,
-0.074590,
-0.064237,
0.122760,
0.122821,
0.104531,
0.026003,
0.034944,
0.032371,
-0.100820,
-0.092997,
-0.076513,
0.019613,
0.024095,
0.016133,
0.009701,
0.006017,
0.001486,
0.048437,
0.053104,
0.047343,
-0.067545,
-0.081698,
-0.068298,
-0.026457,
-0.050819,
-0.046332,
0.072594,
0.072186,
0.067610,
-0.023680,
-0.020593,
-0.018401,
-0.006269,
0.001119,
-0.004686,
-0.026477,
-0.031467,
-0.030681,
0.029945,
0.037807,
0.034184,
0.012584,
0.015203,
0.018372,
-0.022202,
-0.035984,
-0.031504,
0.020139,
0.014791,
0.008678,
0.007386,
0.008195,
0.001644,
-0.013444,
-0.008191,
-0.008139,
0.014178,
0.013274,
0.012759,
0.000826,
-0.006848,
0.002002,
-0.024607,
-0.029970,
-0.022952,
-0.009196,
-0.013535,
-0.013243,
0.008120,
0.013834,
0.005226,
0.011437,
0.009298,
0.009071,
0.006357,
0.002511,
-0.000126,
-0.015696,
-0.022832,
-0.019103,
-0.023585,
-0.027258,
-0.026299,
0.004036,
0.011565,
0.009334,
0.055160,
0.066980,
0.064864,
0.026956,
0.027689,
0.026238,
-0.018709,
-0.026393,
-0.021465,
-0.017831,
-0.022969,
-0.023257,
-0.008141,
-0.010683,
-0.016961,
0.033742,
0.047787,
0.035804,
0.076922,
0.089503,
0.078328,
-0.016243,
-0.020052,
-0.015975,
-0.085900,
-0.104714,
-0.092058,
-0.021998,
-0.021761,
-0.028344,
0.007346,
0.019353,
0.010935,
0.024178,
0.030674,
0.025612,
0.035646,
0.037773,
0.037717,
-0.063644,
-0.078138,
-0.068072,
-0.102628,
-0.134102,
-0.118344,
0.026175,
0.030775,
0.027636,
0.058780,
0.074598,
0.064623,
0.020275,
0.026175,
0.022735,
-0.009439,
-0.010564,
-0.010768,
-0.034141,
-0.047362,
-0.045863,
-0.041657,
-0.051691,
-0.042065,
0.055556,
0.070791,
0.066103,
0.101505,
0.124056,
0.113398,
-0.012705,
-0.018426,
-0.013187,
-0.030013,
-0.047326,
-0.031569,
-0.008897,
-0.015555,
-0.022065,
-0.001389,
-0.005110,
-0.003929,
0.053143,
0.062612,
0.059416,
0.040334,
0.061504,
0.052709,
-0.054026,
-0.061170,
-0.051996,
-0.056214,
-0.075621,
-0.062656,
0.006793,
-0.003243,
0.003488,
0.009040,
0.015003,
0.015307,
0.005286,
0.013203,
0.011906,
-0.005088,
-0.008455,
-0.006465,
-0.032377,
-0.036235,
-0.031769,
-0.012939,
-0.020977,
-0.020665,
0.033937,
0.033050,
0.031031,
0.025108,
0.022151,
0.020201,
0.005213,
0.002049,
-0.000983,
0.008454,
0.000120,
-0.000754,
0.019330,
0.000073,
-0.005112,
0.021015,
-0.004377,
-0.006959,
0.016417,
-0.003532,
-0.001627,
0.000056,
-0.009515,
-0.005699,
-0.003333,
-0.002369,
-0.003108,
0.019298,
0.005006,
-0.005558,
0.022625,
-0.002490,
-0.015997,
0.031051,
0.000819,
-0.013260,
0.027452,
0.000615,
-0.011820,
0.021199,
0.006157,
-0.004242,
0.009849,
0.006006,
-0.001437,
-0.001286,
-0.000562,
0.000352,
0.015936,
0.002903,
-0.001981,
0.014800,
0.003074,
-0.004566,
0.015799,
0.011275,
0.001566,
-0.004987,
0.006173,
0.007647,
-0.021793,
0.004499,
0.010885,
-0.031742,
-0.001722,
0.009918,
-0.034306,
-0.010597,
0.002968,
0.003233,
-0.001391,
0.000625,
-0.017112,
-0.001498,
0.007524,
-0.043710,
-0.002348,
0.017676,
-0.083141,
-0.020226,
0.011420,
-0.090202,
-0.021914,
0.009006,
-0.067555,
-0.020655,
0.003522,
-0.034706,
-0.011594,
0.004742,
-0.031422,
-0.017237,
0.002336,
-0.063299,
-0.026350,
0.002894,
-0.087526,
-0.032076,
-0.000636,
-0.095369,
-0.036973,
-0.005557,
-0.060301,
-0.020699,
0.003264,
-0.016472,
-0.007240,
0.003314,
0.016068,
0.004218,
0.003028,
-0.027999,
-0.011210,
0.001082,
-0.029904,
-0.010800,
0.000214,
-0.005272,
0.003156,
0.007187,
0.029263,
0.016234,
0.008085,
0.059901,
0.027662,
0.009319,
0.067477,
0.022724,
0.000198,
0.053596,
0.017190,
-0.002842,
0.014647,
0.007792,
0.001642,
0.034486,
0.010361,
-0.006411,
0.064843,
0.022935,
-0.003775,
0.083093,
0.019847,
-0.012785,
0.076228,
0.015063,
-0.016465,
0.048141,
-0.000823,
-0.013889,
0.025191,
-0.000072,
-0.005920,
-0.003896,
0.000896,
-0.000147,
-0.000742,
0.001953,
0.006151,
-0.001602,
0.000447,
0.002209,
0.000204,
0.001530,
0.008443,
-0.002594,
-0.004356,
0.006053,
-0.004529,
-0.010478,
-0.006602,
0.001588,
-0.003229,
-0.007853,
-0.002675,
-0.003487,
-0.000786,
-0.005437,
-0.011044,
-0.010459,
-0.013201,
-0.022023,
-0.020217,
-0.015843,
-0.020966,
-0.017542,
-0.021830,
-0.023626,
-0.023954,
-0.013754,
-0.013478,
-0.013828,
0.004088,
0.004382,
0.001795,
0.002794,
-0.001842,
-0.006678,
-0.008835,
-0.013445,
-0.015755,
-0.014837,
-0.014436,
-0.020007,
-0.000446,
0.007377,
0.004092,
0.028172,
0.044366,
0.035282,
0.033842,
0.047243,
0.042417,
0.022666,
0.031641,
0.026247,
0.023058,
0.031090,
0.020287,
0.031595,
0.044555,
0.031263,
0.054712,
0.071698,
0.056869,
0.066980,
0.085307,
0.069223,
0.056010,
0.063168,
0.053667,
0.019550,
0.022321,
0.016774,
-0.002312,
-0.007801,
-0.012201,
0.002910,
0.005554,
-0.002315,
-0.003416,
0.003296,
-0.001936,
-0.014625,
-0.014810,
-0.012692,
-0.043430,
-0.055354,
-0.041263,
-0.073854,
-0.086434,
-0.074393,
-0.064272,
-0.082557,
-0.069623,
-0.046710,
-0.056213,
-0.052483,
-0.015395,
-0.020548,
-0.017710,
-0.028423,
-0.039520,
-0.029699,
-0.032000,
-0.043959,
-0.031913,
-0.036907,
-0.055287,
-0.036723,
-0.024760,
-0.034580,
-0.024823,
0.005122,
0.002280,
0.006381,
0.006408,
0.011336,
0.005852,
-0.000478,
0.000230,
0.004043,
0.008671,
0.010977,
0.008414,
0.015855,
0.021977,
0.016065,
0.027295,
0.033132,
0.028449,
0.023159,
0.034042,
0.025786,
0.019430,
0.030626,
0.023253,
0.015009,
0.022990,
0.008207,
-0.000000,
-0.000000,
-0.000000,
-0.000000,
-0.000000,
-0.000000,
-0.000000,
-0.000000,
-0.000000,
-0.000000,
-0.000000,
-0.000000,
-0.000000,
-0.000000,
-0.000000,
-0.000000,
-0.000000,
-0.000000,
-0.000000,
-0.000000,
-0.000000,
-0.000000,
-0.000000,
-0.000000,
-0.000000,
-0.000000,
-0.000000,
-0.000000,
-0.000000,
-0.000000,
-0.000000,
-0.000000,
-0.000000,
-0.000000,
-0.000000,
-0.000000,
-0.000000,
-0.000000,
-0.000000,
-0.000000,
-0.000000,
0.000000,
-0.000000,
-0.000000,
-0.000000,
-0.000000,
-0.000000,
-0.000000,
-0.000000,
-0.000000,
-0.000000,
-0.000000,
-0.000000,
-0.000000,
-0.000000,
-0.000000,
-0.000000,
-0.000000,
-0.000000,
0.000000,
-0.000000,
-0.000000,
-0.000000,
-0.000000,
-0.000000,
-0.000000,
-0.000000,
-0.000000,
-0.000000,
0.000000,
0.000000,
0.000000,
-0.000000,
-0.000000,
-0.000000,
-0.000000,
-0.000000,
-0.000000,
-0.000000,
-0.000000,
-0.000000,
-0.000000,
-0.000000,
-0.000000,
-0.000000,
-0.000000,
-0.000000,
-0.000000,
-0.000000,
-0.000000,
-0.000000,
-0.000000,
-0.000000,
-0.000000,
-0.000000,
-0.000000,
-0.000000,
-0.000000,
-0.000000,
-0.000000,
-0.000000,
0.000000,
-0.000000,
-0.000000,
-0.000000,
0.000000,
-0.000000,
-0.000000,
-0.000000,
-0.000000,
-0.000000,
-0.000000,
0.000000,
-0.000000,
-0.000000,
-0.000000,
-0.000000,
-0.000000,
-0.000000,
-0.000000,
-0.000000,
-0.000000,
-0.000000,
0.000000,
-0.000000,
0.000000,
-0.000000,
-0.000000,
0.000000,
-0.000000,
-0.000000,
-0.000000,
0.000000,
0.000000,
0.000000,
-0.000000,
-0.000000,
0.000000,
-0.000000,
-0.000000,
0.000000,
-0.000000,
-0.000000,
0.000000,
0.000000,
-0.000000,
0.000000,
-0.003485,
-0.002539,
-0.004043,
0.001485,
-0.000220,
-0.001614,
0.006412,
0.004508,
0.006199,
0.007893,
0.008853,
0.005862,
0.011132,
0.013489,
0.010684,
0.001394,
0.010887,
0.002759,
-0.008671,
0.003826,
-0.005514,
-0.001835,
-0.003254,
-0.001047,
-0.000661,
-0.005873,
-0.002614,
0.005767,
-0.000310,
0.003292,
0.009820,
0.005669,
0.005762,
0.023331,
0.020112,
0.020477,
0.020255,
0.020944,
0.021684,
0.014374,
0.023370,
0.019168,
-0.008157,
-0.009897,
-0.006089,
-0.005491,
-0.010453,
-0.009037,
0.001698,
-0.003587,
-0.003238,
0.006223,
0.002436,
0.002003,
0.020493,
0.014420,
0.016554,
0.015405,
0.013763,
0.018013,
0.023776,
0.027535,
0.025511,
-0.010102,
-0.010810,
-0.005859,
-0.017388,
-0.018650,
-0.017851,
-0.011252,
-0.013202,
-0.014321,
-0.006259,
-0.010173,
-0.012667,
0.015025,
0.007900,
0.010147,
0.016251,
0.012269,
0.014449,
0.026915,
0.027788,
0.027602,
-0.012504,
-0.012367,
-0.007093,
-0.026435,
-0.025882,
-0.026028,
-0.015982,
-0.017237,
-0.019755,
-0.011818,
-0.012501,
-0.015115,
0.002921,
-0.001851,
-0.000485,
0.005937,
0.003083,
0.005830,
0.015240,
0.016226,
0.017165,
-0.001706,
-0.001883,
0.004724,
-0.019805,
-0.017119,
-0.016213,
-0.016892,
-0.015939,
-0.017883,
-0.013172,
-0.013579,
-0.017090,
0.000289,
-0.002746,
-0.003195,
0.004470,
0.001767,
0.002614,
0.014458,
0.012828,
0.013296,
0.009767,
0.009310,
0.016355,
-0.015161,
-0.014227,
-0.009660,
-0.015951,
-0.014453,
-0.015138,
-0.018700,
-0.019429,
-0.020863,
-0.008674,
-0.013441,
-0.010780,
-0.004180,
-0.007997,
-0.004972,
0.006508,
0.004430,
0.005731,
-0.000000,
-0.000000,
-0.000000,
-0.000000,
-0.000000,
-0.000000,
-0.000000,
-0.000000,
-0.000000,
-0.000000,
-0.000000,
-0.000000,
-0.000000,
-0.000000,
-0.000000,
-0.000000,
-0.000000,
-0.000000,
-0.000000,
-0.000000,
-0.000000,
-0.000000,
-0.000000,
-0.000000,
-0.000000,
-0.000000,
-0.000000,
-0.000000,
-0.000000,
-0.000000,
-0.000000,
-0.000000,
-0.000000,
-0.000000,
-0.000000,
-0.000000,
-0.000000,
-0.000000,
-0.000000,
-0.000000,
-0.000000,
-0.000000,
-0.000000,
-0.000000,
-0.000000,
-0.000000,
-0.000000,
-0.000000,
-0.000000,
-0.000000,
-0.000000,
-0.000000,
-0.000000,
-0.000000,
-0.000000,
-0.000000,
-0.000000,
-0.000000,
-0.000000,
-0.000000,
-0.000000,
-0.000000,
-0.000000,
-0.000000,
-0.000000,
-0.000000,
-0.000000,
-0.000000,
0.000000,
-0.000000,
-0.000000,
-0.000000,
-0.000000,
-0.000000,
-0.000000,
-0.000000,
-0.000000,
-0.000000,
-0.000000,
-0.000000,
-0.000000,
-0.000000,
-0.000000,
-0.000000,
-0.000000,
-0.000000,
-0.000000,
0.000000,
-0.000000,
0.000000,
0.000000,
0.000000,
0.000000,
-0.000000,
-0.000000,
-0.000000,
0.000000,
-0.000000,
-0.000000,
0.000000,
-0.000000,
0.000000,
-0.000000,
-0.000000,
-0.000000,
-0.000000,
0.000000,
0.000000,
0.000000,
-0.000000,
0.000000,
0.000000,
0.000000,
0.000000,
-0.000000,
-0.000000,
-0.000000,
0.000000,
-0.000000,
0.000000,
0.000000,
0.000000,
-0.000000,
-0.000000,
-0.000000,
-0.000000,
0.000000,
0.000000,
0.000000,
0.000000,
0.000000,
0.000000,
0.000000,
0.000000,
0.000000,
0.000000,
-0.000000,
-0.000000,
-0.000000,
-0.000000,
0.000000,
-0.000000,
-0.000000,
0.000000,
-0.000000,
-0.000000,
-0.000000,
-0.002362,
-0.000678,
0.000541,
-0.002579,
-0.001376,
0.001111,
-0.007118,
-0.006115,
-0.002893,
-0.009464,
-0.008163,
-0.006363,
-0.009175,
-0.007144,
-0.007152,
-0.008193,
-0.007198,
-0.005332,
-0.003574,
-0.002670,
-0.002125,
-0.002727,
-0.001898,
-0.003252,
-0.003931,
-0.002690,
-0.002536,
-0.007575,
-0.007127,
-0.005500,
-0.010463,
-0.008353,
-0.008998,
-0.013665,
-0.011111,
-0.011543,
-0.013677,
-0.011802,
-0.010589,
-0.011433,
-0.011196,
-0.010840,
0.002979,
0.001897,
-0.001084,
0.000884,
0.001217,
-0.000743,
-0.002159,
-0.003845,
-0.005056,
-0.007154,
-0.006521,
-0.008205,
-0.010871,
-0.009402,
-0.011161,
-0.013081,
-0.011939,
-0.012081,
-0.014180,
-0.014466,
-0.014921,
0.001729,
0.001779,
-0.001328,
0.004360,
0.004633,
0.002338,
0.002635,
0.000648,
-0.001750,
-0.001893,
-0.002661,
-0.005603,
-0.002666,
-0.003694,
-0.006867,
-0.006072,
-0.007473,
-0.008230,
-0.009315,
-0.011563,
-0.012025,
0.007118,
0.008041,
0.007180,
0.011178,
0.012223,
0.011443,
0.011037,
0.008491,
0.006345,
0.008603,
0.005808,
0.004212,
0.006888,
0.003121,
0.001709,
0.003009,
-0.000085,
-0.002626,
0.000402,
-0.002413,
-0.002360,
0.002654,
0.004459,
0.003567,
0.009732,
0.009876,
0.009195,
0.007838,
0.007565,
0.007028,
0.009801,
0.008961,
0.008409,
0.008037,
0.006302,
0.004581,
0.002510,
0.000579,
-0.000171,
0.001838,
-0.000666,
-0.001083,
0.003911,
0.005930,
0.006923,
0.013798,
0.016444,
0.018032,
0.013438,
0.016827,
0.019098,
0.017441,
0.022993,
0.024521,
0.016877,
0.019994,
0.022225,
0.011782,
0.013720,
0.014787,
0.009438,
0.009387,
0.011530,
-0.003223,
-0.001654,
-0.005267,
-0.008813,
-0.011436,
-0.007335,
0.015582,
0.020940,
0.028502,
-0.011999,
-0.015210,
-0.014848,
-0.009297,
-0.019337,
-0.025881,
0.017814,
0.022094,
0.019178,
-0.013080,
-0.006385,
0.003733,
0.003008,
-0.000201,
-0.001109,
-0.017566,
-0.023283,
-0.014148,
0.027924,
0.033845,
0.043971,
-0.009877,
-0.020697,
-0.013844,
-0.017197,
-0.030551,
-0.041852,
0.037380,
0.041437,
0.041126,
-0.020468,
-0.016107,
-0.004704,
0.002533,
0.000211,
-0.004367,
-0.029902,
-0.028797,
-0.026595,
0.026908,
0.040416,
0.053062,
-0.004203,
-0.012219,
-0.013132,
-0.031672,
-0.051636,
-0.065428,
0.049393,
0.055491,
0.049250,
-0.025733,
-0.021298,
-0.016788,
0.015942,
0.011711,
0.010749,
-0.042516,
-0.039804,
-0.031396,
0.042977,
0.060140,
0.077670,
-0.007080,
-0.011833,
-0.018255,
-0.044019,
-0.060603,
-0.072229,
0.070378,
0.076224,
0.077628,
-0.029844,
-0.028121,
-0.018404,
0.012738,
0.009105,
0.003883,
-0.042834,
-0.045382,
-0.037636,
0.056740,
0.077350,
0.087305,
-0.017373,
-0.025452,
-0.031597,
-0.045547,
-0.062090,
-0.069183,
0.073821,
0.082412,
0.088558,
-0.038941,
-0.033388,
-0.026091,
-0.000579,
-0.003251,
-0.004897,
-0.028871,
-0.027589,
-0.024630,
0.041407,
0.055718,
0.057049,
-0.032707,
-0.040654,
-0.052436,
-0.020043,
-0.037371,
-0.043210,
0.052951,
0.056626,
0.062962,
-0.041751,
-0.038821,
-0.033727,
-0.006973,
-0.005588,
-0.004397,
-0.000361,
0.003430,
0.001939,
0.029740,
0.034688,
0.033376,
-0.021229,
-0.031578,
-0.035436,
0.004739,
-0.004579,
-0.006184,
0.025526,
0.027382,
0.025381,
-0.013245,
-0.008774,
-0.000814,
0.016019,
-0.012435,
-0.001668,
0.024459,
-0.015315,
-0.009986,
0.024200,
-0.015804,
-0.007513,
0.021673,
-0.016222,
-0.012919,
0.024211,
-0.014383,
-0.005786,
0.025941,
-0.013291,
-0.008234,
0.028600,
-0.013640,
-0.011670,
0.022747,
-0.013004,
-0.004779,
0.028137,
-0.014696,
-0.009112,
0.017896,
-0.012116,
-0.008677,
0.016847,
-0.008890,
-0.007074,
0.011556,
-0.005526,
-0.004170,
0.012150,
-0.009348,
-0.010609,
0.017816,
-0.010850,
-0.007541,
0.018061,
-0.018178,
-0.008782,
0.020399,
-0.012308,
-0.003312,
0.011258,
-0.010136,
-0.005904,
0.000315,
-0.000387,
-0.001870,
-0.004325,
0.006893,
-0.003288,
-0.006663,
0.002111,
-0.006666,
0.003809,
0.003986,
0.000555,
0.020919,
-0.013699,
-0.004928,
0.016367,
-0.011719,
-0.005397,
0.001331,
-0.001921,
-0.000361,
-0.034112,
0.012946,
0.011711,
-0.043071,
0.028326,
0.019776,
-0.051986,
0.027866,
0.019304,
-0.043167,
0.023189,
0.018793,
0.020081,
-0.011969,
-0.006668,
0.012724,
-0.003831,
-0.009043,
-0.003716,
0.011582,
-0.003184,
-0.051840,
0.032444,
0.019247,
-0.078968,
0.045361,
0.034613,
-0.086475,
0.047089,
0.034726,
-0.066872,
0.038333,
0.027641,
0.021216,
-0.010688,
-0.011773,
0.010557,
-0.005315,
-0.011043,
-0.008993,
0.010524,
-0.005620,
-0.049768,
0.038311,
0.018359,
-0.091462,
0.046232,
0.030426,
-0.088950,
0.051781,
0.033620,
-0.064311,
0.044617,
0.024589,
0.023108,
-0.012984,
-0.010814,
0.010942,
-0.009373,
-0.005025,
-0.003380,
0.008669,
0.001731,
-0.044085,
0.029320,
0.014838,
-0.065836,
0.044233,
0.025546,
-0.066445,
0.047441,
0.027443,
-0.049853,
0.034624,
0.009357,
0.011035,
0.016926,
0.004448,
0.006941,
0.007559,
0.002024,
-0.021570,
-0.028555,
-0.019621,
-0.015714,
-0.030522,
-0.008765,
0.009072,
-0.000276,
0.012229,
0.007013,
0.015353,
0.004899,
0.004197,
0.014998,
-0.002679,
0.006646,
0.021473,
0.005816,
0.023514,
0.034288,
0.018066,
-0.013493,
-0.016978,
-0.011114,
-0.038543,
-0.064105,
-0.028899,
-0.005671,
-0.025609,
0.007050,
0.005441,
0.011186,
0.007387,
0.008021,
0.017130,
0.000903,
0.006219,
0.022999,
-0.002145,
0.038145,
0.061067,
0.027208,
0.009347,
0.014598,
0.008467,
-0.051509,
-0.073962,
-0.038395,
-0.024529,
-0.053082,
-0.010552,
0.016743,
0.016551,
0.023853,
0.012585,
0.019743,
0.005188,
-0.011612,
0.005730,
-0.009002,
0.042509,
0.068752,
0.029366,
0.041601,
0.056332,
0.036017,
-0.032670,
-0.051420,
-0.024436,
-0.057661,
-0.090843,
-0.041063,
-0.003108,
-0.018149,
0.008485,
0.006583,
0.008182,
0.006156,
-0.010565,
0.002080,
-0.008249,
0.024584,
0.047091,
0.012857,
0.059270,
0.079725,
0.046397,
-0.003064,
-0.007351,
0.001170,
-0.056402,
-0.081394,
-0.040012,
-0.019054,
-0.030768,
-0.004458,
0.000132,
-0.000807,
0.004933,
-0.016919,
-0.009033,
-0.014030,
-0.006355,
0.013219,
-0.010499,
0.035884,
0.057178,
0.025086,
0.021146,
0.027098,
0.016689,
-0.026732,
-0.039976,
-0.017718,
-0.019195,
-0.023752,
-0.011171,
-0.001823,
0.000089,
-0.000550,
-0.014604,
-0.009954,
-0.011895,
-0.008926,
0.003287,
-0.012390,
0.014999,
0.035178,
0.015803,
0.027733,
0.038916,
0.024105,
-0.007326,
-0.011092,
-0.005314,
-0.012312,
-0.015845,
-0.012530,
-0.005555,
-0.004641,
-0.002945,
-0.003118,
0.014335,
-0.010239,
0.002102,
0.015926,
-0.016773,
0.000378,
0.016705,
-0.015564,
0.000277,
0.007470,
-0.011907,
0.004195,
0.011188,
-0.013066,
0.004122,
0.010335,
-0.012162,
0.004113,
0.005380,
-0.015247,
-0.002238,
0.014650,
-0.011219,
-0.000396,
0.009586,
-0.012384,
-0.001720,
0.008119,
-0.012144,
-0.001234,
0.001740,
-0.003989,
0.005535,
0.002949,
-0.006477,
0.001606,
-0.002092,
-0.006619,
0.005864,
0.005196,
-0.006464,
-0.002491,
0.011848,
-0.014482,
0.003049,
0.011771,
-0.010764,
0.002942,
0.004096,
-0.006074,
0.006987,
-0.008804,
0.005196,
0.007044,
-0.013904,
0.006573,
0.010481,
-0.012473,
0.006421,
0.007207,
-0.010778,
0.000166,
-0.003673,
0.000196,
-0.005839,
-0.000398,
0.000085,
0.001337,
0.003429,
-0.012855,
0.009829,
-0.003521,
-0.045106,
0.043779,
0.001570,
-0.050294,
0.055116,
0.005045,
-0.046206,
0.053050,
0.000043,
-0.035586,
0.038722,
0.003344,
0.004161,
-0.008866,
0.002816,
-0.007072,
-0.003492,
0.006833,
-0.024087,
0.017429,
0.000442,
-0.058736,
0.063022,
-0.000914,
-0.074089,
0.074051,
-0.000940,
-0.072585,
0.072221,
0.003867,
-0.050928,
0.053430,
0.002990,
0.006389,
-0.007751,
0.004335,
-0.004147,
-0.000352,
0.007349,
-0.022948,
0.021308,
0.002129,
-0.060394,
0.072538,
0.000715,
-0.075275,
0.079499,
-0.000863,
-0.074154,
0.071515,
0.004820,
-0.051095,
0.053740,
0.003266,
0.003799,
-0.007382,
0.002738,
-0.007558,
-0.001567,
0.005442,
-0.023182,
0.015829,
0.000588,
-0.055358,
0.054352,
0.002623,
-0.062050,
0.064305,
0.003054,
-0.063062,
0.057220,
0.004931,
-0.046791,
0.037604,
-0.002620,
-0.003263,
-0.001949,
0.000634,
-0.000789,
-0.001017,
-0.001006,
-0.002604,
-0.002261,
0.002445,
-0.000199,
0.000070,
0.001419,
-0.001304,
-0.001760,
-0.000577,
-0.002283,
-0.003741,
-0.000232,
-0.002280,
-0.002648,
-0.000959,
-0.001301,
0.000796,
0.003749,
0.001791,
0.001674,
0.002453,
0.000775,
0.000524,
0.006106,
0.004010,
0.003832,
0.002738,
0.001378,
0.001994,
0.002464,
-0.000104,
0.000200,
0.002789,
0.000717,
0.000021,
-0.002207,
-0.003812,
-0.003677,
0.000462,
-0.001746,
-0.003091,
-0.001843,
-0.003413,
-0.004037,
0.001203,
0.000376,
-0.000762,
0.002090,
0.000707,
0.000085,
0.001292,
-0.000932,
-0.001346,
-0.000318,
-0.001354,
-0.001507,
0.000115,
-0.001762,
-0.001632,
0.001787,
0.000374,
-0.001989,
-0.001795,
-0.002212,
-0.004398,
0.004444,
0.005228,
0.002869,
0.007558,
0.007771,
0.006869,
0.007510,
0.006316,
0.006315,
0.008187,
0.007732,
0.008626,
0.000163,
-0.002086,
-0.002507,
0.001875,
0.001586,
-0.001450,
-0.002704,
-0.000765,
-0.004351,
0.003115,
0.004861,
0.001455,
0.004715,
0.005620,
0.004587,
0.006362,
0.004181,
0.004899,
0.009446,
0.007493,
0.009547,
0.000749,
-0.001334,
-0.003515,
0.002391,
0.000759,
-0.002706,
-0.000812,
-0.000043,
-0.003561,
0.002497,
0.004270,
0.001331,
0.001830,
0.002722,
0.002408,
0.006424,
0.002376,
0.004960,
0.010090,
0.006575,
0.009048,
0.001361,
0.000210,
-0.001789,
0.003931,
0.002766,
-0.000638,
0.001255,
0.003215,
-0.000402,
0.005693,
0.007980,
0.006159,
0.005503,
0.006237,
0.007292,
0.008171,
0.006950,
0.007479,
0.011386,
0.010466,
0.011789,
-0.001175,
-0.006025,
-0.007817,
-0.000484,
-0.004489,
-0.008961,
-0.000892,
-0.005542,
-0.004089,
-0.005440,
0.003319,
0.021367,
-0.010162,
0.006239,
0.034108,
-0.000151,
0.011208,
0.022334,
-0.003115,
0.002786,
-0.007810,
0.004378,
-0.007202,
-0.006325,
0.012912,
-0.003575,
-0.010805,
0.007451,
-0.010046,
-0.020244,
-0.004260,
-0.002690,
0.010634,
-0.011801,
0.010180,
0.044800,
-0.013262,
0.016697,
0.058053,
-0.009823,
0.013327,
0.033907,
0.001584,
-0.003776,
-0.006435,
0.010092,
-0.012072,
-0.026613,
0.015298,
-0.023329,
-0.062110,
0.013209,
-0.021151,
-0.046296,
0.005646,
0.007808,
0.008379,
-0.016386,
0.014537,
0.054506,
-0.013401,
0.018392,
0.053544,
-0.004722,
0.003346,
0.015410,
-0.000205,
-0.003648,
0.000831,
0.022351,
-0.021390,
-0.053365,
0.026116,
-0.059249,
-0.124028,
0.020476,
-0.046347,
-0.093870,
0.007965,
-0.000215,
0.005634,
-0.003193,
0.014472,
0.045785,
-0.012419,
0.005570,
0.034036,
-0.014710,
0.013383,
0.045016,
0.001683,
0.002537,
0.019295,
0.010334,
-0.042229,
-0.073072,
0.014362,
-0.069353,
-0.133585,
0.012842,
-0.035487,
-0.074886,
0.001081,
-0.009977,
-0.015234,
-0.007967,
0.009025,
0.021008,
-0.014965,
0.020494,
0.052453,
-0.007418,
0.031544,
0.075935,
0.003493,
0.023556,
0.047356,
0.010171,
-0.009726,
-0.027758,
0.008710,
-0.024285,
-0.055616,
0.005447,
-0.014581,
-0.037460,
-0.002205,
0.000339,
-0.013880,
-0.018462,
0.005166,
0.016640,
-0.014752,
0.020203,
0.059882,
-0.012577,
0.029001,
0.079914,
-0.004082,
0.020619,
0.044811,
0.004579,
0.004576,
0.004760,
0.008568,
-0.004547,
-0.004925,
-0.000000,
-0.000000,
-0.000000,
-0.000000,
-0.000000,
0.000000,
-0.000000,
-0.000000,
0.000000,
-0.000000,
0.000000,
0.000000,
-0.000000,
-0.000000,
-0.000000,
-0.000000,
-0.000000,
-0.000000,
-0.000000,
-0.000000,
-0.000000,
-0.000000,
-0.000000,
-0.000000,
-0.000000,
-0.000000,
-0.000000,
-0.000000,
-0.000000,
-0.000000,
-0.000000,
0.000000,
0.000000,
-0.000000,
-0.000000,
0.000000,
-0.000000,
-0.000000,
-0.000000,
-0.000000,
-0.000000,
-0.000000,
-0.000000,
-0.000000,
-0.000000,
-0.000000,
-0.000000,
-0.000000,
-0.000000,
-0.000000,
-0.000000,
-0.000000,
0.000000,
0.000000,
-0.000000,
-0.000000,
0.000000,
-0.000000,
-0.000000,
-0.000000,
-0.000000,
-0.000000,
-0.000000,
-0.000000,
-0.000000,
-0.000000,
-0.000000,
-0.000000,
-0.000000,
-0.000000,
-0.000000,
-0.000000,
-0.000000,
-0.000000,
0.000000,
-0.000000,
-0.000000,
0.000000,
-0.000000,
-0.000000,
0.000000,
-0.000000,
-0.000000,
0.000000,
-0.000000,
-0.000000,
-0.000000,
-0.000000,
-0.000000,
-0.000000,
-0.000000,
-0.000000,
0.000000,
-0.000000,
-0.000000,
-0.000000,
-0.000000,
-0.000000,
-0.000000,
-0.000000,
-0.000000,
-0.000000,
-0.000000,
-0.000000,
0.000000,
-0.000000,
-0.000000,
-0.000000,
-0.000000,
-0.000000,
-0.000000,
-0.000000,
-0.000000,
-0.000000,
-0.000000,
-0.000000,
0.000000,
-0.000000,
-0.000000,
-0.000000,
-0.000000,
-0.000000,
-0.000000,
-0.000000,
-0.000000,
0.000000,
-0.000000,
-0.000000,
-0.000000,
-0.000000,
-0.000000,
-0.000000,
-0.000000,
-0.000000,
-0.000000,
-0.000000,
-0.000000,
0.000000,
-0.000000,
-0.000000,
0.000000,
0.000000,
0.000000,
0.000000,
-0.000000,
0.000000,
0.000000,
0.040437,
0.017714,
0.002166,
0.017686,
0.014585,
0.007714,
-0.024331,
-0.010318,
0.000238,
-0.040620,
-0.023081,
-0.001452,
-0.008757,
-0.005117,
0.004045,
0.013392,
0.004870,
-0.000451,
0.007770,
0.002484,
-0.000592,
0.025617,
0.017132,
0.002280,
-0.030854,
-0.012253,
0.002328,
-0.068408,
-0.038139,
0.000761,
-0.046805,
-0.030793,
-0.005837,
0.013308,
0.003539,
-0.005225,
0.035847,
0.014042,
-0.008154,
0.021431,
0.009793,
-0.003356,
-0.014549,
-0.003527,
0.002040,
-0.074657,
-0.036488,
0.002985,
-0.079198,
-0.047423,
-0.008349,
0.003189,
-0.000449,
-0.004442,
0.069827,
0.044647,
-0.002348,
0.063029,
0.036427,
-0.000052,
0.024254,
0.017832,
0.003485,
-0.042206,
-0.022179,
-0.001437,
-0.061450,
-0.035012,
-0.003408,
-0.005282,
-0.005138,
-0.001806,
0.106746,
0.071575,
0.011346,
0.116756,
0.066762,
0.005848,
0.026012,
0.007625,
-0.008800,
-0.028205,
-0.018553,
-0.007282,
-0.032078,
-0.015051,
-0.001996,
-0.004505,
0.000241,
0.000146,
0.058575,
0.033172,
0.000822,
0.110420,
0.063932,
0.008902,
0.038555,
0.006247,
-0.009454,
-0.040629,
-0.027831,
-0.006972,
-0.060757,
-0.032946,
0.007895,
0.005985,
0.004905,
-0.000141,
0.029344,
0.012164,
-0.001487,
0.060921,
0.026577,
0.001389,
0.032168,
0.004710,
-0.010780,
-0.041875,
-0.035497,
-0.016405,
-0.061963,
-0.028264,
0.004040,
-0.048226,
-0.009702,
0.009601,
0.008739,
0.009169,
0.002318,
0.013211,
0.002829,
-0.005310,
0.026322,
0.007570,
-0.002587,
-0.018130,
-0.014871,
-0.007502,
-0.044713,
-0.021746,
-0.000393,
-0.026620,
0.001153,
0.010646,
-0.004207,
0.012802,
0.013336,
-0.002676,
0.005943,
0.008156,
-0.004109,
0.001520,
0.004227,
-0.003706,
0.002108,
0.005623,
-0.004024,
0.001581,
0.007429,
-0.002687,
0.000861,
0.005532,
-0.002066,
0.003726,
0.008972,
-0.001772,
0.004449,
0.010708,
-0.009964,
-0.001186,
-0.001521,
-0.007004,
-0.000418,
0.000522,
-0.007577,
-0.001209,
0.001230,
-0.001400,
0.005187,
0.008357,
-0.002596,
0.001932,
0.003308,
-0.006171,
-0.001654,
0.001432,
-0.009760,
-0.003819,
0.000436,
-0.009164,
-0.000962,
-0.002884,
-0.005158,
0.000538,
-0.000023,
-0.004293,
-0.000249,
-0.000285,
-0.000404,
0.002435,
0.003867,
-0.000393,
0.001966,
0.005023,
-0.002679,
0.001704,
0.004316,
-0.011037,
-0.004270,
-0.001245,
-0.004934,
0.001737,
0.003242,
-0.005375,
0.002008,
0.002971,
-0.000765,
0.002365,
0.003140,
0.004293,
0.005173,
0.013088,
0.008348,
0.007396,
0.017995,
0.004937,
0.006721,
0.015162,
0.000110,
0.003014,
0.008601,
-0.005667,
0.000286,
0.001121,
-0.005400,
0.000334,
-0.000225,
-0.001165,
0.000165,
0.002155,
0.009987,
0.009886,
0.019610,
0.010305,
0.007611,
0.022408,
0.006651,
0.004661,
0.017347,
0.001027,
0.001862,
0.009467,
-0.005463,
0.000960,
0.002872,
-0.003247,
0.000778,
0.000929,
-0.000973,
0.000335,
0.002980,
0.007675,
0.007220,
0.019363,
0.010759,
0.007123,
0.023151,
0.010301,
0.006822,
0.019402,
0.000563,
-0.000107,
0.008777,
-0.003537,
0.001600,
0.005055,
-0.002940,
0.000570,
0.002266,
-0.000539,
0.001296,
0.004004,
0.003930,
0.003962,
0.014442,
0.007542,
0.006442,
0.018889,
0.006301,
0.005203,
0.014439,
0.000801,
0.002491,
0.009937,
-0.000000,
-0.000000,
-0.000000,
-0.000000,
-0.000000,
-0.000000,
-0.000000,
-0.000000,
-0.000000,
-0.000000,
-0.000000,
-0.000000,
-0.000000,
-0.000000,
-0.000000,
-0.000000,
-0.000000,
-0.000000,
-0.000000,
-0.000000,
-0.000000,
-0.000000,
-0.000000,
-0.000000,
-0.000000,
-0.000000,
0.000000,
-0.000000,
-0.000000,
0.000000,
-0.000000,
-0.000000,
0.000000,
-0.000000,
-0.000000,
0.000000,
-0.000000,
-0.000000,
0.000000,
-0.000000,
-0.000000,
0.000000,
-0.000000,
-0.000000,
0.000000,
-0.000000,
-0.000000,
0.000000,
-0.000000,
-0.000000,
0.000000,
-0.000000,
-0.000000,
0.000000,
-0.000000,
-0.000000,
0.000000,
-0.000000,
-0.000000,
0.000000,
-0.000000,
-0.000000,
0.000000,
-0.000000,
-0.000000,
-0.000000,
-0.000000,
-0.000000,
0.000000,
-0.000000,
-0.000000,
0.000000,
-0.000000,
-0.000000,
0.000000,
-0.000000,
-0.000000,
0.000000,
-0.000000,
-0.000000,
0.000000,
-0.000000,
-0.000000,
0.000000,
-0.000000,
-0.000000,
-0.000000,
-0.000000,
-0.000000,
0.000000,
-0.000000,
-0.000000,
0.000000,
-0.000000,
-0.000000,
0.000000,
-0.000000,
-0.000000,
0.000000,
-0.000000,
-0.000000,
0.000000,
-0.000000,
-0.000000,
0.000000,
-0.000000,
-0.000000,
-0.000000,
-0.000000,
-0.000000,
0.000000,
-0.000000,
-0.000000,
0.000000,
-0.000000,
-0.000000,
0.000000,
-0.000000,
-0.000000,
0.000000,
-0.000000,
-0.000000,
0.000000,
-0.000000,
-0.000000,
0.000000,
-0.000000,
-0.000000,
-0.000000,
-0.000000,
-0.000000,
0.000000,
-0.000000,
-0.000000,
0.000000,
-0.000000,
-0.000000,
0.000000,
-0.000000,
-0.000000,
0.000000,
-0.000000,
-0.000000,
0.000000,
-0.000000,
-0.000000,
0.000000,
-0.013698,
0.007928,
0.002341,
-0.013954,
0.007595,
0.004051,
-0.014374,
0.006919,
0.001370,
-0.013634,
0.004507,
0.006848,
-0.012585,
0.007132,
0.007818,
-0.016452,
0.005685,
0.007591,
-0.015932,
0.009470,
0.010754,
-0.007578,
0.008158,
0.000876,
-0.004072,
0.006869,
0.002347,
-0.004654,
0.004171,
-0.000012,
-0.002248,
0.000512,
0.002390,
-0.000663,
-0.000199,
-0.001039,
-0.006047,
0.001117,
-0.000109,
-0.006610,
0.003598,
0.003991,
-0.011230,
0.008910,
0.000560,
-0.006852,
0.008353,
0.000896,
-0.003679,
0.002947,
0.002372,
0.004433,
-0.009969,
0.000284,
0.012911,
-0.009748,
-0.001165,
0.008492,
-0.003993,
0.002763,
0.001078,
-0.004314,
0.001820,
-0.006087,
0.004119,
0.003067,
0.003364,
-0.000941,
0.001569,
0.009294,
-0.014815,
-0.000381,
0.038163,
-0.037194,
-0.004544,
0.061315,
-0.048693,
-0.007184,
0.051893,
-0.044408,
-0.006494,
0.029835,
-0.033337,
0.000877,
-0.006777,
0.003281,
0.000969,
0.002868,
-0.001581,
0.003177,
0.020088,
-0.014327,
0.000238,
0.065557,
-0.050161,
-0.009949,
0.090703,
-0.069444,
-0.024458,
0.077901,
-0.066034,
-0.017792,
0.046320,
-0.039126,
-0.004119,
-0.012242,
0.004103,
0.004383,
-0.004369,
0.000338,
0.005174,
0.012786,
-0.012787,
0.001944,
0.054603,
-0.044598,
-0.006325,
0.080883,
-0.063810,
-0.017781,
0.065449,
-0.055515,
-0.007162,
0.036641,
-0.036786,
0.000680,
-0.013969,
0.008337,
0.007452,
-0.004694,
-0.000230,
0.002848,
0.005734,
-0.011279,
0.002216,
0.033584,
-0.034604,
-0.001537,
0.048871,
-0.042023,
-0.001298,
0.038156,
-0.040148,
0.002981,
0.021681,
-0.034977,
0.005556,
-0.004870,
-0.002778,
-0.005441,
-0.002546,
-0.001606,
-0.002898,
-0.002440,
-0.000236,
-0.002521,
-0.001868,
0.000801,
0.001126,
-0.000192,
0.001848,
0.004408,
0.000252,
0.001826,
0.002529,
-0.003168,
-0.000041,
-0.000021,
-0.000093,
0.000508,
-0.001145,
0.001798,
0.001378,
0.002160,
0.000883,
0.002090,
0.001948,
-0.000194,
0.001505,
0.001769,
-0.001771,
0.000945,
0.001081,
-0.000513,
0.002631,
0.002110,
-0.001993,
0.001147,
0.000531,
0.001671,
-0.001065,
-0.000287,
0.004855,
0.002184,
0.004105,
0.001501,
0.000203,
0.000518,
0.000231,
-0.000169,
0.000108,
-0.002479,
-0.001093,
-0.001721,
-0.002836,
-0.000611,
-0.001542,
-0.003110,
-0.000899,
-0.001896,
0.005829,
0.002050,
0.001787,
0.011474,
0.005809,
0.006744,
0.009358,
0.003691,
0.004846,
0.006208,
0.002255,
0.002752,
0.001093,
-0.000270,
-0.000690,
0.000012,
-0.000432,
-0.002465,
0.000956,
0.000866,
-0.000278,
0.008172,
0.004523,
0.004722,
0.011679,
0.005760,
0.005894,
0.009793,
0.003129,
0.003205,
0.007812,
0.002197,
0.002350,
0.005790,
0.001715,
0.002610,
0.003670,
-0.000159,
0.000542,
0.004020,
0.001575,
0.001350,
0.000597,
-0.000592,
0.000028,
0.002762,
0.000118,
-0.000636,
0.002180,
-0.000170,
-0.001889,
0.000177,
-0.001918,
-0.003199,
0.000280,
-0.001633,
-0.001013,
0.001700,
-0.000742,
0.000061,
0.003428,
0.001065,
0.002194,
-0.002189,
0.000550,
0.001918,
-0.001426,
0.000785,
-0.000194,
-0.002735,
0.000358,
-0.002551,
-0.003563,
-0.000381,
-0.002666,
-0.002891,
-0.001190,
-0.001766,
-0.001265,
-0.000948,
-0.000851,
-0.000980,
-0.001703,
-0.000404,
-0.000000,
0.000000,
0.000000,
-0.000000,
-0.000000,
0.000000,
0.000000,
0.000000,
0.000000,
-0.000000,
-0.000000,
-0.000000,
-0.000000,
-0.000000,
-0.000000,
-0.000000,
-0.000000,
-0.000000,
-0.000000,
0.000000,
0.000000,
-0.000000,
-0.000000,
-0.000000,
-0.000000,
-0.000000,
-0.000000,
-0.000000,
-0.000000,
-0.000000,
-0.000000,
-0.000000,
-0.000000,
-0.000000,
-0.000000,
-0.000000,
-0.000000,
-0.000000,
0.000000,
-0.000000,
-0.000000,
0.000000,
-0.000000,
-0.000000,
-0.000000,
-0.000000,
-0.000000,
-0.000000,
-0.000000,
-0.000000,
-0.000000,
-0.000000,
-0.000000,
-0.000000,
-0.000000,
-0.000000,
-0.000000,
-0.000000,
-0.000000,
0.000000,
-0.000000,
-0.000000,
0.000000,
-0.000000,
-0.000000,
0.000000,
-0.000000,
-0.000000,
-0.000000,
-0.000000,
-0.000000,
-0.000000,
-0.000000,
-0.000000,
-0.000000,
-0.000000,
-0.000000,
-0.000000,
-0.000000,
-0.000000,
0.000000,
-0.000000,
-0.000000,
0.000000,
-0.000000,
0.000000,
0.000000,
-0.000000,
-0.000000,
-0.000000,
-0.000000,
-0.000000,
-0.000000,
-0.000000,
-0.000000,
0.000000,
-0.000000,
-0.000000,
0.000000,
-0.000000,
0.000000,
0.000000,
-0.000000,
0.000000,
0.000000,
-0.000000,
0.000000,
0.000000,
-0.000000,
-0.000000,
-0.000000,
-0.000000,
-0.000000,
-0.000000,
-0.000000,
-0.000000,
0.000000,
-0.000000,
-0.000000,
0.000000,
-0.000000,
0.000000,
0.000000,
-0.000000,
-0.000000,
0.000000,
-0.000000,
-0.000000,
0.000000,
-0.000000,
-0.000000,
0.000000,
-0.000000,
-0.000000,
0.000000,
-0.000000,
-0.000000,
0.000000,
-0.000000,
-0.000000,
0.000000,
-0.000000,
-0.000000,
0.000000,
-0.000000,
-0.000000,
0.000000,
0.004637,
0.011494,
-0.000986,
0.010694,
0.016652,
0.009195,
-0.022924,
-0.037281,
-0.030092,
-0.015791,
-0.025710,
-0.023368,
0.028345,
0.041059,
0.033591,
0.004811,
0.012319,
0.005154,
-0.001527,
0.000377,
-0.004874,
0.006677,
0.009637,
0.004248,
0.027663,
0.028268,
0.026497,
-0.039124,
-0.058000,
-0.050123,
-0.015323,
-0.033815,
-0.030056,
0.043180,
0.059941,
0.053911,
-0.002466,
0.004140,
-0.000029,
-0.009994,
-0.008411,
-0.011278,
0.002439,
0.005687,
0.002379,
0.035664,
0.043418,
0.036181,
-0.040281,
-0.061199,
-0.051689,
-0.032857,
-0.051294,
-0.045448,
0.047533,
0.072168,
0.066756,
-0.003579,
0.005288,
0.002302,
-0.013662,
-0.011310,
-0.017021,
-0.005943,
-0.001472,
0.007868,
0.044893,
0.055798,
0.049879,
-0.035435,
-0.058667,
-0.048142,
-0.051118,
-0.077942,
-0.067199,
0.051825,
0.075772,
0.068679,
0.008571,
0.016796,
0.014550,
-0.010444,
-0.009326,
-0.011688,
-0.010362,
-0.008826,
-0.004788,
0.047631,
0.052824,
0.049532,
-0.024672,
-0.043419,
-0.033587,
-0.061324,
-0.085659,
-0.072269,
0.046798,
0.064873,
0.060847,
0.017307,
0.026087,
0.023690,
-0.016064,
-0.016493,
-0.016337,
-0.008088,
-0.007226,
-0.010298,
0.039143,
0.044677,
0.039913,
-0.007325,
-0.019949,
-0.017090,
-0.051975,
-0.071001,
-0.064170,
0.034457,
0.043996,
0.035287,
0.017317,
0.019973,
0.011593,
-0.013152,
-0.014927,
-0.018687,
0.001736,
0.006469,
0.002865,
0.020296,
0.027148,
0.020734,
-0.010343,
-0.018122,
-0.016489,
-0.033451,
-0.048282,
-0.038142,
0.012914,
0.020941,
0.014337,
0.011173,
0.020639,
0.013066,
-0.008239,
-0.006486,
-0.012382,
0.004637,
0.002232,
-0.001276,
0.000351,
-0.006477,
0.008912,
-0.002415,
-0.003154,
0.002204,
0.001610,
0.011025,
0.003639,
-0.004482,
0.001711,
-0.003988,
0.005220,
0.004486,
0.002071,
0.001435,
-0.005411,
-0.003911,
0.002656,
-0.004585,
-0.002377,
0.002062,
-0.018460,
-0.003114,
-0.003781,
-0.011598,
-0.006662,
0.004211,
0.022584,
0.011054,
-0.009714,
0.009659,
0.000676,
-0.001377,
0.008744,
-0.004790,
0.002391,
0.000728,
-0.006404,
0.006999,
-0.005164,
0.001055,
-0.004210,
-0.036413,
-0.014423,
-0.009924,
-0.023562,
-0.015286,
0.017305,
0.044983,
0.033683,
-0.005203,
0.023467,
0.010226,
-0.001796,
0.004890,
-0.009974,
-0.000354,
-0.008127,
-0.012966,
0.006244,
-0.011220,
0.008350,
-0.024118,
-0.071427,
-0.037295,
-0.018349,
-0.039389,
-0.027736,
0.035793,
0.063384,
0.051345,
0.008817,
0.050346,
0.029482,
-0.004590,
0.010518,
-0.005452,
-0.002698,
-0.005385,
-0.007861,
0.004216,
-0.013767,
0.009295,
-0.034314,
-0.085834,
-0.049437,
-0.019965,
-0.040721,
-0.029279,
0.033823,
0.066057,
0.050322,
0.007914,
0.051773,
0.032621,
-0.005487,
0.012277,
0.000878,
-0.003352,
-0.001124,
-0.008023,
0.008212,
-0.010889,
0.007380,
-0.026668,
-0.072425,
-0.040153,
-0.016964,
-0.037196,
-0.029852,
0.029857,
0.054154,
0.041368,
0.010123,
0.048767,
0.035340,
-0.005411,
0.016370,
-0.000005,
-0.003675,
0.001833,
-0.006358,
-0.002625,
-0.016778,
-0.003429,
-0.025635,
-0.060247,
-0.031692,
-0.016191,
-0.031644,
-0.023246,
0.032343,
0.047698,
0.033953,
0.013776,
0.039993,
0.025030,
0.004524,
0.021608,
0.008732,
-0.004023,
-0.001424,
-0.006140,
-0.000942,
-0.002757,
-0.002856,
0.000544,
-0.001670,
-0.002238,
-0.000484,
0.000709,
0.000277,
0.000291,
0.001347,
0.001801,
-0.001061,
0.002074,
0.004903,
-0.002295,
-0.000522,
0.004637,
-0.004700,
-0.003791,
0.001315,
0.002695,
-0.000896,
-0.001794,
0.002748,
0.000025,
-0.002194,
0.002116,
0.001236,
0.000001,
0.000374,
0.002181,
0.002423,
-0.000257,
0.003598,
0.006412,
-0.003264,
0.000422,
0.006854,
-0.003001,
-0.000964,
0.005672,
0.002620,
-0.001852,
-0.004984,
0.003839,
0.001120,
-0.002958,
0.002674,
0.002102,
-0.001024,
0.001426,
0.003603,
0.001905,
-0.002328,
0.002326,
0.005534,
-0.003304,
0.001849,
0.008138,
-0.002719,
0.000148,
0.008142,
0.003160,
-0.000487,
-0.004153,
0.004236,
0.000777,
-0.004247,
0.002075,
0.000624,
-0.002976,
0.001569,
0.003798,
0.000073,
-0.000943,
0.005064,
0.006778,
-0.005048,
0.001015,
0.008285,
-0.004214,
0.000183,
0.007683,
0.001577,
-0.000974,
-0.005149,
0.003477,
-0.000541,
-0.006089,
0.003211,
0.001176,
-0.005263,
0.000745,
0.001773,
-0.002583,
-0.000043,
0.005192,
0.005625,
-0.002680,
0.003739,
0.009165,
-0.002706,
0.001682,
0.009015,
0.002058,
-0.000752,
-0.005173,
0.003148,
-0.000482,
-0.006163,
0.004868,
0.001997,
-0.005165,
0.002927,
0.002289,
-0.004050,
0.002165,
0.005656,
0.004595,
-0.002571,
0.002304,
0.005505,
-0.000724,
0.002899,
0.006593,
0.002817,
-0.001127,
-0.006231,
0.004254,
-0.000048,
-0.007263,
0.004600,
0.000726,
-0.005821,
0.005713,
0.003959,
-0.004175,
0.004081,
0.006111,
0.002152,
-0.000160,
0.004082,
0.004238,
0.001538,
0.004427,
0.004872,
0.000000,
-0.000000,
0.000000,
-0.000000,
0.000000,
0.000000,
-0.000000,
0.000000,
0.000000,
-0.000000,
-0.000000,
0.000000,
-0.000000,
0.000000,
0.000000,
-0.000000,
-0.000000,
0.000000,
0.000000,
-0.000000,
0.000000,
0.000000,
-0.000000,
0.000000,
0.000000,
0.000000,
0.000000,
0.000000,
-0.000000,
0.000000,
0.000000,
0.000000,
0.000000,
0.000000,
0.000000,
0.000000,
0.000000,
0.000000,
0.000000,
0.000000,
0.000000,
0.000000,
0.000000,
0.000000,
0.000000,
0.000000,
0.000000,
0.000000,
0.000000,
-0.000000,
0.000000,
0.000000,
0.000000,
0.000000,
-0.000000,
0.000000,
0.000000,
0.000000,
0.000000,
0.000000,
-0.000000,
0.000000,
0.000000,
0.000000,
0.000000,
0.000000,
0.000000,
0.000000,
0.000000,
0.000000,
0.000000,
0.000000,
0.000000,
0.000000,
0.000000,
0.000000,
0.000000,
0.000000,
0.000000,
0.000000,
0.000000,
0.000000,
0.000000,
0.000000,
0.000000,
-0.000000,
0.000000,
0.000000,
0.000000,
0.000000,
0.000000,
0.000000,
0.000000,
0.000000,
0.000000,
0.000000,
0.000000,
0.000000,
0.000000,
0.000000,
0.000000,
0.000000,
0.000000,
-0.000000,
0.000000,
-0.000000,
0.000000,
0.000000,
0.000000,
0.000000,
0.000000,
0.000000,
0.000000,
0.000000,
0.000000,
0.000000,
0.000000,
0.000000,
0.000000,
0.000000,
-0.000000,
0.000000,
0.000000,
0.000000,
-0.000000,
0.000000,
0.000000,
-0.000000,
-0.000000,
0.000000,
0.000000,
0.000000,
0.000000,
0.000000,
0.000000,
0.000000,
0.000000,
0.000000,
0.000000,
0.000000,
0.000000,
-0.000000,
0.000000,
-0.000000,
0.000000,
0.000000,
0.000000,
0.000026,
0.003081,
-0.004313,
0.000859,
0.004868,
0.001592,
0.007023,
0.007433,
0.005440,
0.006701,
0.003329,
0.001138,
-0.010184,
-0.012385,
-0.012153,
-0.007263,
-0.008646,
-0.004027,
-0.004924,
-0.008100,
-0.000140,
0.002843,
0.004827,
-0.000351,
0.006093,
0.006938,
0.005330,
0.008269,
0.004805,
0.006661,
0.008365,
0.003003,
0.004120,
-0.015470,
-0.014958,
-0.013514,
-0.011950,
-0.009989,
-0.007706,
-0.018315,
-0.019242,
-0.011903,
0.008263,
0.009613,
0.004615,
0.012426,
0.009416,
0.006839,
0.013331,
0.007545,
0.009442,
0.007059,
0.004537,
0.005497,
-0.013788,
-0.013211,
-0.012045,
-0.012719,
-0.009614,
-0.006176,
-0.017807,
-0.017505,
-0.010150,
0.011441,
0.012926,
0.007998,
0.015883,
0.011792,
0.011269,
0.017772,
0.010450,
0.011879,
0.009822,
0.004835,
0.007479,
-0.015015,
-0.013978,
-0.011289,
-0.017844,
-0.012148,
-0.009002,
-0.023464,
-0.021097,
-0.013652,
0.013753,
0.014845,
0.008891,
0.016631,
0.012513,
0.012279,
0.018202,
0.009881,
0.011137,
0.010823,
0.006205,
0.007057,
-0.016118,
-0.013293,
-0.012488,
-0.015122,
-0.009827,
-0.006986,
-0.023939,
-0.020243,
-0.014412,
0.010786,
0.012129,
0.007135,
0.015224,
0.011537,
0.010961,
0.014811,
0.006024,
0.009337,
0.013644,
0.006795,
0.007675,
-0.010585,
-0.011477,
-0.011227,
-0.009893,
-0.007000,
-0.006557,
-0.019728,
-0.016811,
-0.012492,
0.008689,
0.010302,
0.004063,
0.019866,
0.017027,
0.016548,
0.018442,
0.011980,
0.012710,
0.012138,
0.007434,
0.006152,
-0.008656,
-0.010141,
-0.011471,
-0.010551,
-0.010344,
-0.009250,
-0.015936,
-0.014322,
-0.010427,
0.000256,
-0.008602,
0.011286,
-0.003024,
-0.007197,
0.011228,
-0.002443,
-0.008979,
0.010148,
-0.001356,
-0.004489,
0.008883,
-0.002632,
-0.006137,
0.009753,
-0.006719,
-0.007645,
0.013077,
-0.005542,
-0.005708,
0.013006,
-0.003350,
-0.007746,
0.008391,
-0.003010,
-0.003766,
0.006358,
-0.000952,
-0.004456,
0.004787,
0.000227,
0.000495,
-0.000233,
0.001833,
0.003738,
0.000414,
-0.001236,
0.000526,
0.001983,
-0.001544,
0.002610,
0.001432,
-0.001517,
-0.006832,
0.010434,
-0.002178,
-0.004274,
0.005302,
-0.002429,
-0.000264,
0.001214,
-0.001405,
0.009024,
-0.006494,
-0.000931,
0.010575,
-0.014744,
0.000252,
0.014223,
-0.010093,
-0.001595,
0.008516,
-0.008779,
-0.005515,
-0.004793,
0.008564,
-0.002309,
0.001990,
-0.002215,
0.001243,
0.014472,
-0.012140,
0.006010,
0.033804,
-0.037870,
0.007792,
0.042467,
-0.052691,
0.006904,
0.040066,
-0.046940,
0.001524,
0.029918,
-0.037303,
-0.001769,
-0.000577,
0.009386,
0.000500,
0.005387,
-0.004505,
0.007639,
0.020846,
-0.020246,
0.014661,
0.044240,
-0.060728,
0.020523,
0.055294,
-0.080489,
0.014657,
0.051755,
-0.073865,
0.009272,
0.041730,
-0.045489,
-0.004423,
-0.007772,
0.009779,
-0.004386,
0.003896,
-0.002259,
0.002115,
0.015524,
-0.019293,
0.010606,
0.044937,
-0.054336,
0.015796,
0.050087,
-0.068374,
0.008980,
0.049182,
-0.059297,
0.004568,
0.040053,
-0.035945,
-0.009888,
-0.003627,
0.011603,
-0.003846,
0.004413,
-0.001487,
-0.001573,
0.013223,
-0.015343,
0.006300,
0.037536,
-0.036484,
0.008044,
0.039846,
-0.046430,
0.000479,
0.037192,
-0.036995,
-0.009886,
0.025359,
-0.024707,
0.000000,
0.000000,
0.000000,
0.000000,
0.000000,
0.000000,
0.000000,
0.000000,
0.000000,
0.000000,
0.000000,
0.000000,
0.000000,
0.000000,
0.000000,
-0.000000,
0.000000,
0.000000,
-0.000000,
-0.000000,
-0.000000,
0.000000,
0.000000,
0.000000,
0.000000,
0.000000,
0.000000,
0.000000,
0.000000,
0.000000,
0.000000,
0.000000,
0.000000,
0.000000,
0.000000,
0.000000,
-0.000000,
0.000000,
0.000000,
-0.000000,
-0.000000,
-0.000000,
0.000000,
0.000000,
0.000000,
0.000000,
0.000000,
0.000000,
0.000000,
0.000000,
0.000000,
0.000000,
0.000000,
0.000000,
0.000000,
0.000000,
0.000000,
-0.000000,
-0.000000,
0.000000,
-0.000000,
-0.000000,
-0.000000,
0.000000,
0.000000,
0.000000,
0.000000,
0.000000,
0.000000,
0.000000,
0.000000,
0.000000,
0.000000,
0.000000,
0.000000,
0.000000,
0.000000,
0.000000,
-0.000000,
0.000000,
0.000000,
-0.000000,
-0.000000,
-0.000000,
0.000000,
0.000000,
0.000000,
0.000000,
0.000000,
0.000000,
0.000000,
0.000000,
0.000000,
0.000000,
0.000000,
0.000000,
0.000000,
0.000000,
0.000000,
-0.000000,
-0.000000,
0.000000,
-0.000000,
-0.000000,
-0.000000,
0.000000,
0.000000,
0.000000,
0.000000,
0.000000,
0.000000,
0.000000,
0.000000,
0.000000,
0.000000,
0.000000,
0.000000,
0.000000,
0.000000,
0.000000,
-0.000000,
-0.000000,
-0.000000,
-0.000000,
-0.000000,
-0.000000,
0.000000,
0.000000,
0.000000,
0.000000,
0.000000,
0.000000,
0.000000,
0.000000,
-0.000000,
0.000000,
0.000000,
-0.000000,
0.000000,
0.000000,
0.000000,
-0.000000,
-0.000000,
-0.000000,
-0.000000,
-0.000000,
-0.000000,
-0.000000,
-0.000000,
-0.000000,
-0.000000,
-0.000000,
-0.000000,
-0.000000,
-0.000000,
-0.000000,
0.000000,
-0.000000,
0.000000,
-0.000000,
0.000000,
0.000000,
-0.000000,
-0.000000,
0.000000,
-0.000000,
0.000000,
0.000000,
-0.000000,
-0.000000,
-0.000000,
-0.000000,
-0.000000,
-0.000000,
-0.000000,
-0.000000,
-0.000000,
-0.000000,
-0.000000,
0.000000,
0.000000,
0.000000,
0.000000,
0.000000,
0.000000,
0.000000,
0.000000,
0.000000,
0.000000,
-0.000000,
-0.000000,
-0.000000,
-0.000000,
-0.000000,
-0.000000,
-0.000000,
-0.000000,
0.000000,
0.000000,
-0.000000,
0.000000,
0.000000,
0.000000,
0.000000,
0.000000,
0.000000,
-0.000000,
0.000000,
0.000000,
0.000000,
-0.000000,
-0.000000,
-0.000000,
-0.000000,
-0.000000,
-0.000000,
-0.000000,
-0.000000,
0.000000,
0.000000,
0.000000,
0.000000,
0.000000,
0.000000,
0.000000,
0.000000,
0.000000,
0.000000,
0.000000,
0.000000,
0.000000,
-0.000000,
-0.000000,
-0.000000,
-0.000000,
-0.000000,
-0.000000,
-0.000000,
-0.000000,
-0.000000,
0.000000,
0.000000,
0.000000,
0.000000,
0.000000,
0.000000,
0.000000,
0.000000,
0.000000,
0.000000,
0.000000,
0.000000,
-0.000000,
-0.000000,
-0.000000,
-0.000000,
-0.000000,
-0.000000,
-0.000000,
-0.000000,
-0.000000,
-0.000000,
-0.000000,
-0.000000,
-0.000000,
-0.000000,
-0.000000,
0.000000,
-0.000000,
0.000000,
-0.000000,
-0.000000,
-0.000000,
-0.000000,
-0.000000,
-0.000000,
-0.000000,
-0.000000,
-0.000000,
-0.000000,
-0.000000,
-0.000000,
-0.000000,
-0.000000,
-0.000000,
-0.000000,
-0.000000,
-0.000000,
-0.000000,
-0.000000,
-0.000000,
-0.000000,
-0.000000,
-0.000000,
-0.008285,
-0.014902,
-0.018104,
-0.002738,
-0.009382,
-0.018322,
-0.008629,
-0.014211,
-0.022711,
-0.004545,
-0.006156,
-0.013177,
0.000880,
0.004177,
0.001616,
-0.000266,
0.003723,
0.005003,
0.000098,
0.002149,
0.003886,
-0.009900,
-0.018781,
-0.019862,
-0.005869,
-0.011208,
-0.015146,
-0.009121,
-0.012527,
-0.010948,
-0.003034,
-0.002206,
0.003567,
-0.003899,
0.001585,
0.008827,
-0.001267,
0.004393,
0.010162,
-0.002952,
-0.000202,
0.000643,
-0.000986,
-0.005304,
0.001586,
0.000837,
0.000338,
0.010172,
0.004699,
0.006562,
0.020017,
0.007998,
0.014280,
0.030266,
0.001459,
0.009657,
0.022414,
0.002118,
0.007321,
0.014684,
0.003041,
0.004332,
0.005626,
0.002555,
0.004693,
0.014944,
0.004471,
0.009106,
0.025329,
0.005788,
0.013523,
0.029474,
0.003524,
0.014611,
0.027675,
0.002979,
0.011609,
0.018326,
0.003032,
0.007953,
0.006993,
0.003508,
0.004997,
0.002088,
-0.002220,
-0.000570,
0.009748,
0.000083,
0.005376,
0.013514,
-0.000894,
0.003684,
0.009721,
-0.000425,
0.004100,
0.002096,
0.000213,
0.003382,
-0.001123,
0.002537,
0.002761,
-0.008288,
0.004399,
0.001252,
-0.005782,
0.001587,
0.002678,
0.004147,
0.001638,
0.006895,
0.006152,
0.003915,
0.008846,
0.001331,
0.002329,
0.004731,
-0.007174,
0.004749,
0.006856,
-0.005759,
0.004315,
0.003440,
-0.009530,
0.004156,
-0.000715,
-0.008846,
0.003032,
0.002917,
-0.005042,
0.003032,
0.002414,
-0.004054,
0.002023,
0.004262,
-0.007654,
-0.004209,
-0.002738,
-0.017390,
-0.003549,
-0.002551,
-0.016038,
-0.004468,
-0.007858,
-0.018535,
-0.001777,
-0.007467,
-0.014638,
-0.002574,
-0.003242,
-0.002960,
-0.000121,
-0.002090,
-0.005242,
-0.003405,
0.002644,
-0.003497,
0.000754,
0.018925,
0.005066,
0.012969,
0.022203,
0.013910,
-0.010090,
-0.009485,
-0.009656,
-0.010476,
-0.015407,
-0.007747,
0.003914,
0.000049,
0.002427,
0.001943,
-0.000310,
-0.006602,
-0.005447,
0.004618,
-0.001044,
0.008985,
0.028072,
0.021645,
0.028646,
0.035386,
0.025104,
-0.007216,
-0.019088,
-0.020166,
-0.006208,
-0.019606,
-0.004647,
0.001586,
-0.001069,
-0.002448,
0.000125,
0.000249,
-0.009371,
-0.010838,
0.002020,
-0.002285,
0.017139,
0.040666,
0.033751,
0.034651,
0.039422,
0.024506,
-0.027077,
-0.042265,
-0.043823,
-0.004866,
-0.019279,
-0.004795,
-0.003951,
-0.002931,
-0.005844,
-0.000120,
-0.003702,
-0.010721,
-0.012480,
-0.000827,
-0.003452,
0.024879,
0.047641,
0.049198,
0.029072,
0.031029,
0.022419,
-0.038283,
-0.054806,
-0.050258,
-0.010451,
-0.024186,
-0.002629,
-0.003023,
-0.001329,
-0.006632,
-0.003723,
-0.001730,
-0.011602,
-0.008028,
0.003059,
0.001648,
0.024458,
0.046857,
0.043822,
0.018974,
0.024721,
0.014515,
-0.038080,
-0.052972,
-0.048871,
-0.013399,
-0.023993,
-0.005265,
-0.001471,
-0.001865,
-0.007042,
0.001304,
0.002004,
-0.007513,
-0.001604,
0.009221,
0.005284,
0.022363,
0.038933,
0.032128,
0.018567,
0.017639,
0.008678,
-0.027134,
-0.039176,
-0.035879,
-0.002154,
-0.009752,
0.002210,
-0.002292,
-0.000356,
-0.000745,
0.006075,
0.008685,
-0.003111,
0.004219,
0.011191,
0.004808,
0.017987,
0.029549,
0.023057,
0.016805,
0.013760,
0.009742,
-0.019254,
-0.027273,
-0.023429,
-0.003579,
-0.009684,
0.005637,
-0.003217,
-0.001557,
-0.000414,
-0.006364,
-0.005674,
-0.002565,
-0.007550,
-0.006033,
-0.003168,
-0.005272,
-0.004381,
-0.002848,
-0.004085,
-0.003180,
-0.001228,
-0.003861,
-0.004262,
-0.003427,
-0.000605,
-0.000381,
-0.000584,
-0.004402,
-0.003216,
-0.000594,
-0.005231,
-0.004144,
-0.000600,
-0.005008,
-0.004509,
-0.000756,
-0.003123,
-0.002895,
-0.000382,
-0.004291,
-0.003744,
-0.003003,
-0.002944,
-0.004568,
-0.005194,
0.001585,
0.001990,
0.000059,
-0.003484,
-0.003206,
-0.000354,
-0.004195,
-0.003781,
-0.000276,
-0.002819,
-0.002700,
-0.000410,
0.000066,
-0.000226,
0.000379,
-0.001287,
-0.001459,
-0.002602,
-0.000563,
-0.002409,
-0.005320,
0.002275,
0.003732,
0.001231,
-0.004153,
-0.005120,
-0.002609,
-0.002957,
-0.004272,
-0.001783,
0.000415,
-0.000876,
0.000140,
0.002737,
0.001841,
0.000289,
0.001082,
-0.000467,
-0.003150,
0.001678,
-0.000425,
-0.005210,
0.007830,
0.009622,
0.004442,
-0.001732,
-0.002104,
-0.000151,
-0.000050,
0.000067,
0.001028,
0.000440,
-0.000372,
-0.000608,
0.003404,
0.002307,
-0.001374,
0.003052,
0.001646,
-0.003237,
0.003205,
0.003408,
-0.003341,
0.011531,
0.014468,
0.009003,
-0.002714,
-0.002581,
-0.000670,
-0.000757,
-0.001375,
-0.000596,
-0.000959,
-0.001293,
-0.003074,
0.001686,
0.000608,
-0.003536,
0.002544,
0.001916,
-0.002757,
0.004413,
0.006180,
0.001244,
0.012071,
0.015502,
0.013271,
0.000195,
-0.000519,
0.000907,
0.001163,
0.000283,
0.000030,
0.002711,
0.002363,
-0.000529,
0.002964,
0.002287,
-0.003164,
0.004038,
0.005608,
0.000471,
0.008091,
0.011375,
0.008369,
0.014679,
0.018338,
0.018185,
-0.003149,
0.003669,
0.007617,
-0.008933,
-0.000815,
0.008288,
-0.004812,
-0.000724,
0.007428,
-0.008664,
-0.004240,
0.001747,
-0.006998,
-0.001641,
0.005597,
0.001069,
0.009006,
0.016763,
-0.006733,
-0.001905,
0.004450,
-0.005493,
0.000297,
0.009827,
-0.008411,
-0.000703,
0.013001,
-0.007067,
0.000529,
0.010192,
-0.005004,
0.002133,
0.010336,
-0.010799,
-0.001108,
0.007084,
-0.006902,
0.003379,
0.014025,
-0.006815,
0.003256,
0.011510,
-0.002547,
0.000890,
0.010817,
-0.008229,
-0.001575,
0.007443,
-0.011852,
-0.006741,
-0.001849,
-0.010827,
-0.004492,
-0.000145,
-0.013039,
-0.005653,
-0.001429,
-0.009845,
-0.002530,
0.004161,
-0.005617,
0.003628,
0.009591,
-0.001290,
0.000985,
0.005944,
-0.008155,
-0.004203,
0.001803,
-0.015255,
-0.009173,
-0.008049,
-0.016046,
-0.008478,
-0.007821,
-0.012969,
-0.005961,
-0.003729,
-0.007166,
-0.002289,
-0.000181,
-0.000820,
0.003613,
0.009445,
-0.001086,
-0.002397,
-0.000150,
-0.008228,
-0.006671,
-0.003198,
-0.014425,
-0.009388,
-0.011635,
-0.017982,
-0.010379,
-0.012674,
-0.015052,
-0.007908,
-0.008853,
-0.012346,
-0.006309,
-0.005022,
-0.006355,
-0.003113,
0.000826,
-0.001339,
-0.002176,
-0.002281,
-0.005637,
-0.005079,
-0.002563,
-0.015444,
-0.011806,
-0.013195,
-0.018708,
-0.013203,
-0.014946,
-0.015951,
-0.009591,
-0.011184,
-0.009359,
-0.004066,
-0.003380,
-0.010693,
-0.005700,
-0.002245,
0.004893,
0.002982,
0.006880,
-0.004853,
-0.005077,
0.002931,
-0.005570,
-0.001842,
0.002263,
-0.007611,
-0.002508,
-0.000338,
-0.010379,
-0.005018,
-0.002500,
-0.006012,
-0.002319,
0.001789,
-0.008591,
-0.001185,
0.005459,
-0.001287,
-0.003601,
-0.001979,
0.001838,
0.000520,
0.004724,
0.001569,
-0.000003,
0.004408,
0.000959,
0.000688,
0.003491,
-0.001577,
-0.002035,
-0.002776,
0.002225,
-0.001631,
-0.003154,
0.001288,
-0.002798,
-0.002771,
0.002540,
0.001086,
0.005182,
0.005590,
0.006658,
0.012781,
-0.000545,
0.001032,
0.002591,
0.002470,
0.002785,
0.001758,
0.002429,
0.000845,
-0.002335,
0.006336,
0.001558,
-0.000736,
0.004256,
-0.000773,
-0.002151,
0.004041,
0.005394,
0.009095,
0.004069,
0.007583,
0.012865,
-0.003158,
-0.001475,
-0.000631,
0.004245,
0.004915,
0.000400,
0.001030,
-0.001515,
-0.006700,
0.002567,
-0.000573,
-0.007068,
0.000413,
-0.001835,
-0.004626,
0.004660,
0.009790,
0.013987,
0.001719,
0.007931,
0.013386,
-0.003882,
-0.001535,
-0.001496,
0.002835,
0.004411,
-0.002225,
-0.001351,
-0.001607,
-0.010097,
0.000177,
0.000146,
-0.008066,
-0.002677,
-0.000590,
-0.004859,
0.005071,
0.009386,
0.015474,
0.001643,
0.008293,
0.014632,
-0.003798,
-0.000364,
-0.000951,
0.003434,
0.005465,
-0.002621,
-0.004132,
-0.002659,
-0.011751,
-0.001224,
0.000924,
-0.006910,
-0.002731,
-0.000172,
-0.004580,
0.006168,
0.010119,
0.014090,
0.000014,
0.006588,
0.008821,
-0.002040,
0.000337,
-0.002046,
0.002399,
0.001811,
-0.005004,
-0.003582,
-0.003629,
-0.011145,
-0.000910,
0.001303,
-0.005866,
-0.003386,
-0.002375,
-0.005306,
0.008111,
0.010635,
0.013193,
0.007228,
0.010490,
0.010840,
0.005669,
0.006409,
0.004428,
0.002156,
0.003499,
-0.000661,
-0.003888,
-0.002096,
-0.007688,
-0.002956,
-0.002438,
-0.006247,
-0.009125,
-0.009674,
-0.010157,
-0.000930,
0.002419,
0.001256,
-0.000303,
-0.001527,
0.000979,
-0.001033,
-0.001856,
0.002259,
-0.001530,
-0.003811,
0.001744,
-0.000041,
-0.001963,
0.003078,
0.004955,
0.000757,
0.005321,
0.017478,
0.012219,
0.016293,
0.001356,
-0.000018,
0.000910,
0.000219,
-0.004520,
-0.003318,
-0.001972,
-0.006634,
-0.005664,
-0.005569,
-0.009009,
-0.009363,
-0.009727,
-0.013356,
-0.011621,
-0.010208,
-0.013767,
-0.011934,
0.001535,
-0.005455,
-0.003822,
0.003511,
0.001271,
0.001940,
0.001536,
-0.001225,
-0.000742,
-0.007424,
-0.010488,
-0.009362,
-0.011868,
-0.013765,
-0.013675,
-0.009218,
-0.011133,
-0.011743,
-0.013647,
-0.015503,
-0.016954,
-0.013658,
-0.016864,
-0.017908,
0.003092,
0.002512,
0.000274,
0.001331,
-0.001939,
-0.000198,
-0.001108,
-0.001915,
-0.001568,
-0.007594,
-0.009938,
-0.007381,
-0.011239,
-0.011894,
-0.010626,
-0.013458,
-0.012967,
-0.012516,
-0.011135,
-0.010349,
-0.011117,
0.005038,
0.004130,
0.001936,
0.002963,
-0.002033,
0.000443,
0.004771,
-0.000119,
0.003989,
0.002014,
-0.001441,
0.004668,
-0.000233,
-0.002809,
0.002993,
-0.003964,
-0.004443,
0.000647,
-0.006000,
-0.005777,
-0.002260,
0.005031,
0.004996,
0.000795,
0.003892,
0.000407,
0.000257,
0.006018,
0.002362,
0.003190,
0.004312,
-0.002271,
0.001431,
0.000514,
-0.002784,
0.001400,
-0.003263,
-0.004897,
-0.000872,
0.000092,
-0.003761,
0.001292,
0.008152,
0.009490,
0.005096,
0.006557,
0.006583,
0.003174,
0.005526,
0.004290,
0.001851,
0.006710,
0.003113,
0.002028,
0.008556,
0.005836,
0.006471,
0.006456,
0.002274,
0.004374,
0.006179,
0.001283,
0.005515,
0.000000,
0.000000,
-0.000000,
-0.000000,
0.000000,
-0.000000,
-0.000000,
0.000000,
-0.000000,
-0.000000,
0.000000,
-0.000000,
-0.000000,
0.000000,
-0.000000,
-0.000000,
0.000000,
0.000000,
-0.000000,
0.000000,
-0.000000,
-0.000000,
0.000000,
0.000000,
-0.000000,
0.000000,
0.000000,
-0.000000,
0.000000,
0.000000,
-0.000000,
0.000000,
0.000000,
-0.000000,
0.000000,
0.000000,
-0.000000,
0.000000,
0.000000,
-0.000000,
0.000000,
0.000000,
-0.000000,
0.000000,
0.000000,
-0.000000,
0.000000,
0.000000,
-0.000000,
0.000000,
0.000000,
-0.000000,
0.000000,
0.000000,
-0.000000,
0.000000,
0.000000,
-0.000000,
0.000000,
0.000000,
-0.000000,
0.000000,
0.000000,
-0.000000,
0.000000,
0.000000,
-0.000000,
0.000000,
0.000000,
-0.000000,
0.000000,
0.000000,
-0.000000,
0.000000,
0.000000,
-0.000000,
0.000000,
0.000000,
-0.000000,
0.000000,
0.000000,
-0.000000,
0.000000,
0.000000,
-0.000000,
0.000000,
0.000000,
-0.000000,
0.000000,
0.000000,
-0.000000,
0.000000,
0.000000,
-0.000000,
0.000000,
0.000000,
-0.000000,
0.000000,
0.000000,
-0.000000,
0.000000,
0.000000,
-0.000000,
0.000000,
0.000000,
-0.000000,
0.000000,
0.000000,
-0.000000,
0.000000,
0.000000,
-0.000000,
0.000000,
0.000000,
-0.000000,
0.000000,
0.000000,
-0.000000,
0.000000,
0.000000,
-0.000000,
0.000000,
0.000000,
-0.000000,
0.000000,
0.000000,
0.000000,
0.000000,
0.000000,
-0.000000,
0.000000,
0.000000,
-0.000000,
0.000000,
0.000000,
-0.000000,
0.000000,
0.000000,
-0.000000,
0.000000,
0.000000,
-0.000000,
0.000000,
0.000000,
-0.000000,
0.000000,
0.000000,
-0.016078,
-0.011848,
-0.009766,
-0.001983,
0.003960,
-0.000857,
-0.000624,
0.005789,
-0.003476,
0.005836,
0.011998,
0.000061,
0.008521,
0.012401,
0.001269,
0.010691,
0.012277,
0.005455,
-0.000664,
0.004324,
0.002574,
-0.010246,
-0.002832,
-0.007334,
0.007747,
0.014726,
0.004041,
0.009642,
0.015714,
0.003125,
0.010288,
0.015726,
-0.000376,
0.014595,
0.017527,
0.008752,
0.012359,
0.009024,
0.008920,
-0.002233,
-0.005195,
0.004367,
-0.006911,
0.001752,
-0.007637,
0.011960,
0.024446,
0.008831,
0.009025,
0.017529,
0.001978,
0.013477,
0.017225,
0.003778,
0.018081,
0.015176,
0.012757,
0.008931,
0.000293,
0.011015,
-0.013769,
-0.017710,
0.001950,
0.006333,
0.014449,
0.000343,
0.022915,
0.034735,
0.014593,
0.020272,
0.026986,
0.011180,
0.024426,
0.023540,
0.017328,
0.010514,
0.001713,
0.008645,
-0.007186,
-0.014618,
0.002285,
-0.026441,
-0.031924,
-0.008717,
0.006247,
0.014781,
0.002587,
0.025584,
0.029818,
0.017975,
0.020798,
0.019128,
0.011516,
0.011555,
0.003303,
0.004200,
-0.014591,
-0.024024,
-0.012260,
-0.030084,
-0.033469,
-0.015849,
-0.039504,
-0.044342,
-0.020068,
0.010096,
0.017857,
0.006016,
0.020156,
0.021055,
0.010851,
0.009868,
0.006211,
0.006648,
-0.005786,
-0.015059,
-0.005540,
-0.029707,
-0.035026,
-0.017649,
-0.027633,
-0.030972,
-0.012122,
-0.021926,
-0.027171,
-0.007758,
0.001251,
0.004384,
-0.001294,
0.001803,
0.000664,
0.000586,
-0.012030,
-0.015596,
-0.006401,
-0.024529,
-0.029996,
-0.015756,
-0.030399,
-0.035847,
-0.016523,
-0.018886,
-0.021792,
-0.002567,
-0.005518,
-0.010721,
0.007219,
-0.009562,
-0.009844,
-0.000977,
-0.001878,
-0.002389,
-0.005348,
-0.005093,
0.001002,
-0.006225,
0.006908,
0.008149,
0.006522,
0.022365,
0.024479,
0.018402,
0.009498,
0.006427,
0.003013,
-0.001737,
-0.001284,
-0.007732,
-0.008542,
-0.004579,
0.001377,
-0.002013,
-0.000645,
-0.001714,
-0.016852,
-0.015047,
-0.013322,
-0.038654,
-0.041823,
-0.034048,
-0.060900,
-0.058102,
-0.057844,
-0.038896,
-0.038717,
-0.043899,
-0.004238,
-0.002993,
-0.003329,
0.005304,
0.011407,
0.017123,
0.016240,
0.026700,
0.027037,
0.034550,
0.052550,
0.049798,
0.065841,
0.079816,
0.082541,
0.063874,
0.080892,
0.085943,
0.032885,
0.046000,
0.048483,
0.012656,
0.021004,
0.019918,
-0.008245,
-0.016552,
-0.013451,
-0.011768,
-0.027367,
-0.030839,
-0.025936,
-0.044470,
-0.044064,
-0.030399,
-0.053714,
-0.041435,
-0.000130,
-0.018333,
-0.008994,
0.019854,
0.007285,
0.010334,
0.011677,
0.002988,
0.005563,
-0.006405,
-0.016608,
-0.017381,
0.004558,
-0.006449,
-0.009866,
0.002069,
-0.019311,
-0.011771,
-0.033745,
-0.064767,
-0.054513,
-0.063431,
-0.095476,
-0.085839,
-0.057388,
-0.092509,
-0.075793,
-0.018407,
-0.041038,
-0.038594,
0.010499,
0.018560,
0.014103,
0.019920,
0.031023,
0.023302,
0.036580,
0.049487,
0.042614,
0.081517,
0.093889,
0.084241,
0.096758,
0.104855,
0.098218,
0.059464,
0.064599,
0.056310,
0.031956,
0.030897,
0.019998,
-0.007704,
-0.001717,
-0.003235,
-0.011356,
-0.007982,
-0.012184,
-0.031621,
-0.023059,
-0.027765,
-0.041094,
-0.034577,
-0.035924,
-0.047951,
-0.037836,
-0.029201,
-0.028739,
-0.022629,
-0.023057,
-0.007396,
-0.000825,
-0.005709,
