0,
0,
0,
0,
0,
0,
50,
47,
21,
47,
1,
25,
3,
28,
82,
57,
2,
124,
47,
1,
59,
84,
3,
1,
95,
86,
79,
86,
4,
127,
5,
5,
5,
5,
5,
5,
36,
91,
117,
91,
6,
36,
86,
4,
110,
4,
7,
4,
30,
119,
55,
119,
8,
61,
49,
122,
80,
122,
9,
103,
34,
89,
63,
89,
10,
89,
11,
11,
11,
11,
11,
11,
117,
117,
127,
117,
12,
117,
13,
13,
13,
13,
13,
13,
14,
14,
14,
14,
14,
14,
15,
15,
15,
15,
15,
15,
16,
16,
16,
16,
16,
16,
17,
17,
17,
17,
17,
17,
1,
3,
107,
3,
18,
84,
19,
19,
19,
19,
19,
19,
124,
21,
101,
2,
20,
57,
3,
124,
94,
28,
21,
70,
22,
22,
108,
22,
22,
22,
54,
54,
67,
54,
23,
54,
49,
122,
80,
122,
24,
103,
98,
50,
70,
50,
25,
53,
26,
26,
26,
26,
26,
26,
121,
76,
34,
107,
27,
59,
1,
70,
32,
70,
28,
3,
78,
39,
50,
39,
29,
80,
118,
112,
92,
112,
30,
112,
31,
31,
31,
31,
31,
31,
21,
99,
109,
76,
32,
38,
111,
33,
36,
33,
33,
33,
101,
109,
10,
109,
34,
109,
103,
24,
39,
24,
35,
122,
33,
36,
93,
36,
36,
36,
118,
112,
92,
112,
37,
118,
18,
21,
101,
21,
38,
28,
74,
85,
53,
80,
39,
85,
89,
10,
63,
10,
40,
10,
124,
2,
101,
2,
41,
57,
42,
42,
42,
42,
42,
42,
103,
24,
29,
9,
43,
122,
44,
44,
44,
44,
44,
44,
45,
45,
45,
45,
45,
45,
113,
55,
122,
55,
46,
55,
53,
25,
28,
25,
47,
50,
80,
29,
25,
29,
48,
39,
46,
88,
43,
88,
49,
46,
48,
53,
3,
53,
50,
98,
51,
51,
51,
51,
51,
51,
52,
52,
52,
52,
52,
52,
29,
98,
84,
98,
53,
48,
110,
110,
75,
54,
54,
110,
92,
113,
49,
113,
55,
113,
56,
56,
56,
56,
56,
56,
84,
18,
27,
124,
57,
3,
117,
12,
4,
12,
58,
12,
124,
2,
101,
2,
59,
57,
60,
60,
60,
60,
60,
60,
112,
30,
113,
30,
61,
112,
62,
62,
96,
62,
62,
62,
10,
40,
100,
40,
63,
40,
64,
64,
64,
64,
64,
64,
65,
65,
22,
65,
65,
65,
66,
66,
66,
66,
66,
66,
23,
75,
37,
75,
67,
75,
68,
68,
68,
68,
68,
68,
69,
69,
69,
69,
69,
69,
47,
84,
76,
84,
70,
1,
76,
94,
89,
94,
71,
32,
72,
72,
72,
72,
72,
72,
100,
73,
65,
73,
73,
73,
122,
35,
29,
35,
74,
24,
54,
23,
118,
23,
75,
23,
28,
121,
109,
38,
76,
21,
32,
71,
89,
71,
77,
94,
24,
43,
48,
43,
78,
35,
7,
7,
54,
7,
79,
7,
43,
78,
53,
85,
80,
74,
81,
81,
81,
81,
81,
81,
99,
27,
34,
27,
82,
107,
83,
83,
83,
83,
83,
83,
25,
1,
121,
1,
84,
47,
9,
74,
98,
78,
85,
43,
58,
95,
7,
95,
86,
114,
87,
87,
87,
87,
87,
87,
55,
46,
9,
46,
88,
55,
109,
34,
40,
34,
89,
34,
90,
90,
90,
90,
90,
90,
36,
36,
117,
36,
91,
36,
61,
8,
46,
8,
92,
119,
91,
6,
12,
6,
93,
6,
38,
107,
34,
32,
94,
76,
58,
114,
7,
114,
95,
58,
96,
96,
102,
96,
96,
96,
97,
97,
97,
97,
97,
97,
39,
48,
47,
48,
98,
29,
28,
2,
77,
121,
99,
21,
63,
100,
73,
100,
100,
100,
107,
82,
89,
82,
101,
27,
102,
102,
115,
102,
102,
102,
46,
49,
78,
49,
103,
88,
104,
104,
104,
104,
104,
104,
105,
105,
105,
105,
105,
105,
106,
106,
106,
106,
106,
106,
57,
20,
109,
41,
107,
2,
108,
108,
68,
108,
108,
108,
27,
71,
89,
101,
109,
82,
79,
79,
23,
110,
110,
79,
115,
111,
33,
111,
111,
111,
67,
118,
8,
118,
112,
118,
119,
92,
88,
92,
113,
8,
12,
58,
4,
58,
114,
58,
115,
115,
111,
115,
115,
115,
116,
116,
62,
116,
116,
116,
93,
93,
114,
93,
117,
93,
75,
67,
61,
67,
118,
67,
37,
61,
55,
61,
119,
30,
120,
120,
120,
120,
120,
120,
70,
57,
71,
21,
121,
28,
88,
103,
85,
103,
122,
49,
123,
123,
123,
123,
123,
123,
1,
3,
107,
3,
124,
84,
125,
125,
125,
125,
125,
125,
126,
126,
126,
126,
126,
126,
58,
114,
7,
114,
127,
114,
