-35.268398
-0.072027
-0.378437
-0.176628
2.843383
12.242424
3.647131
2.718167
1.428497
0.721969
-1.135747
-5.033196
3.270027
-19.679569
30.809786
9.079161
7.715242
41.488190
-0.236129
-29.154331
-0.438721
-0.348347
-2.865967
2.161446
0.749354
0.047648
-8.514194
-0.581955
-0.286044
0.357038
1.614179
15.829231
-0.547631
4.102281
-0.890788
0.689397
3.795341
1.660521
-0.426870
0.416379
-1.251801
-0.445519
8.338778
0.656607
-45.607567
35.479931
1.084032
-0.015827
0.297273
0.932834
0.110874
-9.595653
13.886898
0.169185
2.298203
1.177719
9.986994
-0.321376
3.168043
-0.452447
26.844225
1.555478
6.038368
-1.363019
-12.359590
-2.443493
-24.251585
1.930155
-3.799659
-5.766991
-0.220100
-0.682691
-16.557423
-2.043299
0.619678
2.042285
-0.487683
-0.746559
0.569631
2.588063
0.468978
51.603664
-0.650465
-4.376208
-0.132591
0.519034
2.950356
20.581436
1.004430
-1.015743
-10.832294
3.724714
1.356595
3.524320
-0.611803
3.011348
5.560997
-7.506900
0.230369
-0.465441
-1.700601
-0.715095
5.154221
0.861325
-6.605622
-58.960999
18.052328
-0.518118
-3.302677
-0.775340
2.439395
4.415851
1.704649
1.275351
3.090849
4.772144
6.524957
3.392201
1.826461
1.493040
-14.159773
-0.406355
0.806456
23.413618
-0.255534
10.933804
7.078602
2.981845
