-0.649789,
0.001999,
-1.297226,
0.421018,
0.126087,
0.512671,
-0.148573,
0.816755,
0.688752,
-0.071840,
-0.124477,
-0.169386,
1.319692,
0.718417,
6.194058,
0.005029,
1.256374,
-0.001489,
0.157809,
0.469093,
-0.305324,
-0.135130,
-0.112830,
-0.144329,
-0.561021,
0.001049,
0.619269,
-0.500800,
-0.301024,
-0.355552,
0.537568,
0.032854,
0.000675,
-0.801457,
0.247818,
-2.821242,
0.000399,
0.003413,
0.806153,
-0.131330,
1.786370,
-0.080079,
0.005898,
0.221650,
0.196293,
-0.733350,
-1.219868,
0.671293,
-1.671576,
0.477096,
0.000212,
0.000132,
0.147116,
0.433080,
0.000054,
0.767983,
-1.003682,
-0.015942,
-0.002648,
-0.077704,
0.102921,
0.338646,
-3.435020,
0.000015,
-0.073684,
-0.056309,
2.739478,
0.089566,
1.116234,
0.379259,
0.079380,
1.594950,
-3.084381,
0.723958,
-0.089765,
0.000001,
-0.373261,
0.029440,
0.263058,
0.287111,
-2.034858,
-0.065001,
-0.000000,
0.111764,
-0.011611,
-0.000000,
-0.591177,
0.988282,
-0.674117,
0.100123,
-0.000047,
-0.000000,
0.166360,
1.071669,
0.104180,
-0.462740,
0.144581,
0.897852,
0.312851,
0.742065,
1.230780,
-0.153019,
-0.544529,
0.444089,
0.012414,
0.082918,
-0.519306,
0.275705,
-1.571500,
-1.100513,
0.349781,
0.106936,
1.188765,
0.159784,
-0.187742,
-0.042946,
0.199349,
-1.750589,
0.141998,
0.704638,
0.091119,
0.649658,
0.087969,
-0.906325,
-1.371767,
-0.985621,
-2.084771,
-1.036331,
0.181738,
0.436098,
-0.102221,
0.448079,
2.174140,
1.638978,
-0.256694,
-0.000000,
-0.000000,
-0.000336,
0.657967,
0.332424,
-0.000000,
0.694524,
9.106161,
0.081239,
0.304248,
0.040127,
-1.057739,
0.132962,
0.520803,
-0.760108,
-0.949388,
0.429726,
0.049997,
0.215711,
-0.003437,
0.084854,
0.929254,
0.946370,
0.152464,
0.664322,
0.052171,
-0.000000,
-0.315087,
-1.430444,
-0.183566,
0.037393,
0.639055,
0.016463,
-0.067363,
-0.000000,
0.041674,
0.888409,
-0.000000,
-0.083281,
0.628440,
-0.007226,
1.684058,
-1.075295,
0.365927,
0.010511,
0.014411,
-0.205245,
0.034467,
-1.813689,
-0.716357,
0.190497,
0.098685,
0.402478,
0.300073,
-0.830990,
0.356146,
-1.696737,
0.327316,
-0.006087,
0.092613,
0.130160,
-0.200524,
0.869433,
-0.115208,
1.142656,
-0.018290,
0.164457,
0.451784,
-0.240727,
0.425773,
-0.086362,
0.589072,
-0.422148,
0.204683,
-0.710618,
-0.139528,
-0.724075,
0.094079,
-1.315233,
0.699641,
0.110007,
-0.180283,
0.170667,
0.095683,
0.241068,
-0.000023,
-0.000087,
0.729721,
0.187466,
0.108420,
0.878960,
-0.000796,
-0.030437,
-0.235470,
0.847851,
-0.000000,
0.184609,
0.374621,
-0.069729,
1.286155,
0.826983,
-0.284978,
-0.782990,
1.993329,
0.043415,
-1.502193,
-0.262369,
-0.446237,
-0.928914,
0.178991,
0.370524,
0.911562,
0.236556,
0.735533,
-0.026925,
-0.663835,
-0.279296,
0.207478,
-1.133829,
-0.161813,
-0.000000,
-0.486098,
1.731474,
0.677107,
-0.623890,
0.391285,
-1.651658,
-1.351447,
0.859531,
0.027270,
-1.927480,
0.296505,
0.150614,
0.117828,
-0.034751,
0.223464,
-1.781493,
0.257366,
0.484703,
0.173342,
-0.196304,
-0.364811,
-0.176795,
0.007283,
-0.251326,
0.047702,
0.065049,
-1.193492,
1.507815,
-0.020823,
0.217692,
-0.310262,
0.603492,
2.282238,
0.139192,
-0.000000,
-0.411793,
-10.048993,
0.210472,
-0.110051,
4.012060,
0.075506,
-0.569842,
-0.059403,
-0.864864,
0.113388,
0.308623,
-0.274009,
-2.144453,
0.008630,
2.079661,
-0.268577,
-3.916527,
-0.000000,
-0.655273,
0.067808,
0.316889,
-0.049493,
0.002729,
-0.005097,
1.551998,
0.077612,
-1.167377,
0.682761,
-0.000011,
0.045535,
0.176278,
0.070617,
-0.000000,
-0.046304,
0.383237,
-0.009762,
0.497372,
-0.331355,
0.456756,
0.778724,
0.284434,
0.546788,
-0.696344,
0.059835,
0.086417,
-0.402608,
-0.634724,
-0.038955,
0.097282,
0.965227,
0.025245,
0.120210,
0.563739,
0.491131,
0.124226,
-1.020785,
-1.630185,
-0.704511,
-0.613199,
0.595840,
-4.570418,
-0.551074,
-0.000000,
0.115507,
1.011015,
-0.510580,
1.050213,
1.209199,
0.398795,
-0.215647,
0.554974,
0.281732,
0.293107,
-1.604931,
0.529609,
-0.967789,
0.289987,
-0.810493,
0.582789,
-0.172866,
0.836366,
0.321923,
0.035934,
-5.331815,
-0.096326,
-0.107443,
0.004165,
1.031762,
0.749116,
-0.008532,
2.463263,
0.344336,
0.406891,
0.266173,
0.260129,
0.610125,
-0.429835,
1.405271,
-0.052863,
-0.075264,
-0.000000,
3.320928,
-1.877601,
0.148918,
-0.643683,
0.226047,
0.269363,
0.713283,
0.387383,
-0.528234,
0.416181,
0.254381,
-0.000545,
0.792733,
0.031205,
0.135961,
0.228726,
-0.225548,
-0.000000,
-0.601576,
0.038818,
-0.382728,
1.171161,
-0.686453,
0.001466,
-0.338665,
-0.121378,
-0.004288,
-0.391689,
-0.220352,
0.234380,
1.453609,
0.162183,
4.982335,
0.168511,
0.758289,
-0.104994,
0.105554,
-0.210269,
0.213253,
0.361367,
-6.769057,
0.155888,
0.576937,
1.094231,
1.154862,
0.410937,
-0.002022,
0.073426,
1.848851,
0.128332,
-0.092960,
-0.192192,
-2.343350,
-0.773972,
0.054500,
0.018562,
0.244483,
-0.346746,
-1.466590,
-0.472276,
-0.847770,
-0.118236,
-1.724004,
-0.245869,
-1.980480,
0.201978,
-0.157826,
0.193548,
-0.792394,
0.504314,
-0.001131,
1.132573,
-1.333165,
0.020602,
-1.273004,
-0.165514,
-0.023495,
-2.584035,
-0.536791,
-1.246541,
-0.289494,
0.154199,
0.057113,
0.272381,
0.122304,
-0.439062,
0.022925,
1.360330,
-0.127832,
-1.536580,
1.916647,
0.251396,
0.238698,
-0.000180,
0.278960,
-0.319913,
-0.493636,
-0.745482,
-0.230951,
0.219760,
-0.580841,
-0.062246,
0.231654,
-0.884403,
0.708752,
-0.818402,
-0.295443,
-0.324711,
-1.046639,
-0.478736,
0.101488,
-0.099223,
-1.398006,
-0.454450,
0.062484,
0.440269,
0.570851,
-0.013747,
0.462286,
0.395112,
